-65.70431695224164
-71.41614312561825
-65.70431695156883
-60.52256317277454
-82.5661529771788
-65.70431986754278
-67.32804109301598
-65.70431695224154
-71.41614312561978
-65.23171524414767
-57.20533616626178
-67.32804027741233
-67.32804027741228
-85.79507361009446
-67.32804027741213
-57.20533616626114
-57.205336166261155
-85.79507361010302
-65.23171802581072
-65.7043169522404
-67.4015728991933
-65.70431695224012
-67.32804027741187
-82.56615051889773
-67.32804070259363
-67.32804197694185
-65.70431695223976
-85.79507030662197
-65.70431695059612
-82.56615051890435
-67.32804027741157
-65.23171802580984
-71.41614590959364
-57.205336166259784
-60.52257021588292
-65.70431695223898
-67.32804109293023
-65.7043169518388
-67.32804027741112
-67.32804197695982
-67.32804197695997
-60.52256270337131
-71.4161456923139
-71.41614608162376
-60.52257021588182
-67.4015728984463
-71.41614097723127
-82.56615034571406
-67.32804027741088
-60.52256270337111
-57.205336166258974
-71.41614219943865
-82.56615051890333
-60.52256919244168
-60.522570215881395
-71.4161457310694
-60.52256270196467
-60.52256270300907
-60.52256270300929
-60.522562703008575
-85.79507244737555
-60.522563121536585
-65.7043169527114
-65.23171739986553
-65.7043169527673
-65.70431695223748
-67.32804027741066
-67.32804065942005
-60.522569174764854
-85.79507376148945
-65.70431695316655
-65.70431695223836
-82.56615051909424
-57.20533508887673
-82.56741280052205
-67.32804047090487
-65.7043198674209
-71.41614361266262
-65.7043169522365
-67.32804027744821
-71.41614763276384
-82.56615010823117
-71.41614367744015
-67.40157116669421
-85.79556140767221
-71.41614521747368
-85.7950700541314
-71.41614431379466
-57.205335842496794
-67.32962773228292
-60.52256917473231
-67.32804108840416
-71.416147632714
-65.23171802653653
-82.56615051908442
-65.70431986930257
-60.52257021563446
-65.7043169496752
-67.40157289919146
-65.23204195629162
-60.52257021587562
-67.32804108841756
-65.70431986741944
-71.41614521748063
-71.41614521746843
-67.32804065910908
-60.522569174934524
-82.56615051910529
-85.79507146916573
-57.20533584234012
-85.7965127550683
-65.70431695223608
-60.522570215875184
-67.32804108829697
-65.70431986741882
-85.79507361001596
-65.70431695319425
-82.56615051907397
-85.79507146916622
-65.23171802640027
-65.23171802580683
-65.23171802580674
-71.41614521747795
-65.70431695360635
-71.41614521747059
-85.79507147854464
-67.32804027798781
-82.56615000747007
-65.70431986930049
-65.70431695223546
-71.41614521747732
-65.70431695367111
-85.79507186933456
-67.40157289919034
-65.70501531661911
-82.56615051908878
-65.23171784922621
-67.40157289919006
-67.32843248519504
-65.70431986730998
-85.7950736100066
-71.41614460357866
-60.52256873733665
-65.70431694969506
-67.32804027740855
-65.23171802676187
-85.79507361001781
-60.52256999816434
-65.23171717231887
-82.56615051912057
-67.3280404709028
-67.32804065941787
-57.20533584282318
-82.56591351544512
-71.4161447002684
-67.32713903204909
-85.79507146486539
-85.79507005380066
-67.32804027799797
-71.41614763270817
-82.56615010788649
-67.32804047090234
-57.20533584282299
-65.69361010421581
-65.23171717211304
-85.79507361000896
-65.70431695223398
-71.4161452174796
-57.205335842490506
-65.70974880405043
-65.23171717292205
-57.20533616625346
-82.56628701548918
-57.20533508887224
-60.52864733020796
-65.70431695078706
-65.23171802580465
-60.52257021587346
-65.2317171727742
-65.23171802580457
-71.41614521747077
-71.41614521747098
-60.5225687373363
-60.52256430123207
-65.23171717268988
-67.40157289918885
-71.41681990681204
-85.79507005409955
-82.56615112502274
-85.79507146916339
-67.32804109325565
-60.5225691749311
-71.41614500306723
-82.56615010827458
-65.2317178492238
-57.20533616625272
-60.52865614525377
-85.7950737613552
-60.52256999813414
-67.40157289711756
-71.41682124775014
-60.522568737327205
-82.56614949208178
-65.23171784922344
-82.56615051908287
-67.4015711687293
-60.523935398977784
-67.40157289699474
-82.56613280443747
-57.20533508887059
-71.4161432714911
-65.23171802580319
-57.20533616625165
-67.32968103156179
-60.5225691746975
-57.20533307977509
-65.23147524157194
-85.79507361000913
-67.40157289918741
-67.40256426118303
-65.23171802580282
-65.7043169522313
-82.56615051909013
-60.52257848365063
-85.7950737596052
-71.41614521747034
-65.23171802653056
-57.205336166251286
-82.56735588903949
-65.23171784924818
-60.52257021587121
-60.52257021587091
-67.32804109341126
-67.328040659369
-82.56614999628863
-60.5225702158749
-71.41614521737328
-85.79507005405506
-60.522569998171214
-82.56615078864148
-57.20533508886938
-67.40709750881614
-71.41682130301007
-71.41614379833973
-71.41614431852966
-65.70431695359152
-65.23171802580168
-60.5225702158707
-65.23171717268528
-67.32804027740474
-60.52256917475721
-67.40157289695027
-60.52394079968899
-65.70431682221692
-71.41614521747141
-67.32804065909721
-65.23171802675692
-67.40157289918614
-65.23204140805737
-65.23171802580114
-67.32804027740437
-85.79507146492367
-71.41614913537106
-67.40157116661278
-82.56613160430537
-67.40157116872747
-85.7955600864364
-82.56615051909459
-85.79507146916296
-65.2317180258009
-65.23171802580084
-71.4161452174668
-57.20533616624917
-71.41830222342819
-65.7043169522275
-65.23171802580019
-65.7043169522274
-82.56615051888241
-82.56615051887661
-71.41614521736655
-85.79507361000377
-65.23171802579982
-82.56615051888284
-82.5661505189136
-67.4015728991843
-82.56615051888126
-82.56615051888976
-65.70431695222169
-71.41614521746793
-71.4161421998229
-57.20533616624226
-57.20533307947546
-60.52257021586819
-67.40157289909361
-71.4161432753071
-82.56615173543966
-82.56615051909513
-85.79507361000373
-82.56615051908341
-57.205336166242226
-65.23171717247062
