-64.67887946503936
-38.08988901153532
-7.799167375638873
-11.078265791288631
-10.593339208541451
-5.325690923500571
-341.5126128629914
-8.026174149823202
-5.2353670353563615
-11.130970109816339
-7.280698025121855
-6.739236178094888
-10.371991939821
-7.018081152333384
-23.03137037706556
-84.58627008024254
-22.65189315926883
-14.411651477140028
-44.51337317962191
-10.297884107855486
-19.308629067971705
-14.31608991054058
-7.654886906070429
-4.656447558349797
-10.17221927793056
-9.164891573955757
-4.04565457840437
-11.121567330832884
-19.54492132574667
-12.541221650390407
-26.745025547917226
-13.657739193222275
-143.37037534305588
-46.115725443765584
-20.457315371423196
-24.071459195248128
-11.794418033055889
-153.032563841288
-64.27043148091536
-15.8759395529288
-74.64258216884964
-15.680523186344804
-81.30930925290819
-20.985541290329174
-12.356742799447062
-28.21290730454749
-18.100287426743904
-10.127328759785959
-180.53292107909215
-17.366773286087493
-28.81884331607829
-5.36416078951484
-21.519427479730634
-7.018555996586864
-13.7590637064828
-68.12376786986192
-102.21914744020275
-5.962877084369826
-18.24912609565624
-14.346156978200257
-5.720020992179091
-115.48866559777007
-4.270028035481235
-5.303255449330595
-3.7404686323866647
-204.8248986722282
-27.61918229088989
-36.317150513495285
-423.452042181029
-81.62494879394366
-530.915008516539
-389.4444427369858
-502.0572122771406
-503.02137250895106
-85.5033695267056
-201.65817595014698
-4.124245357300315
-244.77634871555694
-5.3515876404322915
-118.6930710451283
-6.13322103391034
-51.177438311887904
-8.655580271466716
-16.81582083055769
-12.555205345845433
-132.0627769216571
-6.544470736036278
-14.264801096298104
-19.156903523179615
-7.507688861150819
-15.557393722407777
-23.07701703441318
-39.25465486754969
-24.82137332759714
-151.59084895296238
-7.670086968459206
-5.551883545210186
-12.097464155447714
-359.85589497410876
-7.854315896436029
-4.31013267050321
-6.035082672909752
-122.90254094367396
-45.099779447298516
-11.623441487235196
-8.363391737338652
-22.847350792953286
-15.25941041021925
-15.300548370813832
-12.66888180822114
-5.965133474352564
-8.440281532551532
-7.889124741048719
-145.12769562682067
-282.10288311256676
-6.784538378058255
-18.598893422443986
-10.396137990019566
-420.01051832249624
-10.345394033701998
-11.544895970108042
-8.689930543008453
-11.903361433071856
-7.563699970160225
-13.498058091546802
-9.185447236014443
-6.815998155683647
-19.256749464382114
-347.9550947262873
-8.660584908764582
-5.214983538758856
-7.135774595048846
-18.01643241028669
-11.236650944970652
-57.516030099236744
-6.10800540114635
-9.083069011421705
-12.459402410529385
-54.257658997270745
-19.17661759732714
-5.060204384551195
-6.069048378794768
-5.303225672849608
-44.76715493164082
-6.928301690147142
-6.796117166507152
-4.168562261161237
-7.455369267868358
-145.20047524580386
-12.82280641809008
-4.014038269909759
-13.971858461056863
-5.598708576345452
-5.430635771919926
-25.618480553968894
-7.564901174428909
-230.1711226738317
-8.32163463772868
-8.882936495122632
-42.02284058045259
-193.77135614484877
-191.89008921528261
-175.6024565657951
-479.79545537202836
-498.70068197809474
-401.9751632160613
-540.3268783216982
-317.3443961642199
-3.145219904894316
-230.89464832155633
-355.97013942329284
-319.186361577482
-447.75895327494675
-434.28498665790266
-311.7601213114877
-484.3318568541655
-309.98653374818514
-65.73612836866926
-18.473326961503126
-2.5044918197537402
-356.8385244718854
-20.52244808155515
-25.791033972309393
-9.69625062205936
-7.869994031284836
-223.45245909575894
-443.8179322766394
-341.8543723575899
-26.524921960668234
-10.687902660190401
-4.335011292281384
-112.97035666790235
-11.582816392672864
-25.18577340871273
-21.548628768302486
-92.48898750148342
-6.418783337028539
-139.9603951538494
-240.00831067810967
-10.951841075452514
-449.50269685077313
-10.146925816754502
-8.668422370650537
-59.89930574159894
-5.896457964054012
-9.686904729993381
-169.15924359161966
-15.963141964780563
-7.773936391796886
-5.646955453835252
-10.359151819595528
-9.818359093012504
-12.958271765033253
-12.977332144044235
-4.1075066751805
-8.86760865954585
-9.106938153394871
-16.790459721306096
-390.32830183648787
-4.585263011830399
-4.601898626727168
-38.200038916331465
-466.6429139150644
-17.44317870153393
-14.842044096893854
-12.708822202184823
-17.973692129836433
-8.844682806733573
-11.510113532704528
-7.070341251062087
-6.980124914342478
-368.3943695731607
-7.219491519263258
-6.920735955934217
-6.989411442515437
-8.871873792201187
-11.971951192476139
-6.779582237986409
-13.792433658421222
-15.618736873096697
-11.240264363496859
-17.010802549758214
-17.844875764629354
-10.623365978373466
-13.146078839639854
-47.555858046353485
-11.114556644784827
-6.422591215891227
-31.752589808299458
-46.68595125389966
-15.054550499985075
-14.42312932642401
-4.291504433965391
-13.074256559176426
-15.932571616429705
-5.999936565823907
-11.863927266649274
-16.77926723530445
-29.96360894275909
-7.913358716595727
-10.295541191849985
-6.79516278112861
-38.39613543208173
-7.7482666716873005
-5.09200587446855
-8.159090319367209
-140.16619532612333
-243.793451471398
-6.819355659412481
-23.336656424261687
-9.113480285864709
-10.77806874191367
-266.4889771703496
-11.157893303028704
-6.348162280008504
-145.89733540613517
-6.403852494040645
-16.514094242842237
-8.633222549511178
-7.073371150763012
-8.1286927184318
-14.102490760009
-9.758306881463925
-27.186816803789043
-14.421646818306543
-9.05422579297723
-5.720873581685583
-239.55121329387765
-8.932112251306862
-22.521680370692213
-5.14237961559166
-14.600628642875852
-6.864414935177036
-7.530132012634258
-16.686224874249433
-4.216140159040097
-379.4856908903747
-8.387745546042996
-6.574329065879708
-5.557284311282484
-6.450608897453297
-7.513410102319727
-2.762982583617437
-2.6293111522079275
-5.632942022038129
-6.178819070726097
-5.317763122897384
-7.6807360874999056
-22.61438364012803
-6.688932338030744
-7.500297261631086
-18.262773657251593
-5.62603804469719
-3.948991237674227
-26.147579687427722
-4.746925758664559
-11.309921951610491
-4.107357582981295
-7.874130856601939
-5.0037405013211895
-14.731100473244416
-6.858709882910939
-67.83046408740032
-8.44016801290434
-6.482046608481507
-6.641971177602015
-5.731053719338738
-8.564676347400304
-4.8564679264207316
-25.635843937819995
-16.268597374204806
-394.5205988006885
-10.075606846458584
-81.28565207377925
-14.272681012512384
-6.938419703520718
-6.4785728892679675
-10.464035541357502
-10.520776297728096
-23.747962926100154
-458.86193652878757
-8.978910282782083
-12.89299800862154
-6.469093711688993
-6.645824761947816
-103.60032253026294
-4.325822556264049
-4.993656118122929
-59.62338889916903
-68.82394024513722
-10.771062170186845
-12.485691103235563
-6.518065972658289
-7.8695497155536955
-29.330968446907224
-18.409203888495885
-6.01453675573021
-3.376166265207833
-6.403919007441047
-7.532868308801289
-80.6358383527107
-278.5016709064231
-5.850949035436099
-89.61527204819257
-20.37316679762211
-14.830817387038934
-11.82898667882284
-7.669806444492984
-41.918854191473685
-3.7377827775287766
-366.8445794523902
-6.054142522934089
-8.940556038324425
-66.81698773516179
-3.829330787015063
-4.008073455715182
-4.59135062160725
-33.18173652780942
-16.84600627530327
-7.341655266742124
-61.92860241006025
-11.997078570563216
-27.663090963431365
-8.465758740929251
-9.635604410459742
-7.392293253705441
-7.987781259727471
-6.384045626314812
-8.79895623219127
-5.839577927083445
-10.061341979966945
-14.483225048534864
-5.0018733768039505
-16.936040376578504
-8.556315340770238
-7.339025204696963
-13.923800931622795
-6.230655121243807
-5.319770689004385
-3.674887176958875
-4.705484548904685
-201.9804284691447
-7.105236855075113
-4.618774881404319
-5.602212548490925
-7.294371716823875
-4.926333135370744
-4.3804632835531025
-5.138907076327236
-100.60611417890887
-6.562506134866463
-9.66130619986373
-19.828161472694102
-9.100409801337092
-5.795965656379824
-12.07375385239478
-11.570592371947498
-29.003294603374098
-29.43747654907807
-6.145174408751554
-6.173396849688052
-6.34423504499707
-11.712321182616083
-10.63053353226558
-5.9622433197815266
-7.644241860373621
-73.37567581367554
-7.1217423657096015
-8.482291614897482
-6.604298139562494
-5.352733044181404
-11.002574657978217
-7.291592386973845
-7.170560761429831
-6.95742546360028
-114.47825675662801
-125.74457360112646
-7.683533488405054
-32.24370186092967
-6.91228369363684
-3.846957470188691
-166.67328521304427
-157.23876125531697
-210.9971347177605
-196.76816866211584
-83.95495310006585
-40.81940185173351
-273.244495411143
-58.40035497283632
-232.9203510789399
-74.04052924361523
-36.565225142537145
-44.4500284869824
-16.12108633929219
-13.826395005732836
-17.002249361590852
-26.73432284491084
-8.409803363748079
-8.466426051118644
-6.265681090874524
-8.290274205791185
-14.681310441490202
-10.23903778969915
-9.963680882285534
-14.51961960156292
-140.4584548577102
-75.47177438093351
-21.895801518106254
-27.734587056971712
-4.159907099785436
-10.789882112865474
-7.599614785173425
-12.611798223386185
-239.04542208345293
-13.961488955929902
-22.71709607182098
-21.453376663587324
-35.28854121867075
-12.826686056226798
-5.643093259790753
-5.430801210436777
-4.229235244628408
-29.51447150092086
-12.051665388482709
-129.74060029939085
-300.719056639571
-128.71016577183985
-5.283712622041122
-10.975008735623945
-14.304601866727168
-345.3470001591092
-72.9702386279261
-13.415106632144905
-248.7471748635595
-4.874670145375469
-203.49208138695573
-8.903183867470924
-149.1727945269606
-5.762417343768711
-8.063080883695292
-20.03541313167389
-4.549038749552277
-6.251595998687288
-10.946155795362285
-8.352765276903945
-8.213037524480251
-5.470194513117991
-10.155389289128491
-5.908215507527231
-3.5348518008064316
-7.78075449780051
-2.8339968253031307
-6.824592773241529
-16.02583866099982
-7.7285303888238905
-16.46391598477814
-8.412369464827766
-111.74867160226388
-5.388790564179949
-13.47364335003142
-48.55729325817282
-9.923018845250443
-11.269932014340439
-6.660176019938961
-9.003116882505246
-6.358887864120171
-7.785676260942057
-14.046484983738264
-15.373720568789295
-78.94633045862322
-9.870466294454863
-39.27280304615725
-6.598579141676219
-144.48584498997573
-8.291877619895835
-5.716563430190096
-20.96288861013803
-39.42827510168362
-17.495011623287954
-16.022621029901963
-8.356472895627444
-7.123602118306197
-10.494625115288306
-8.519779565103498
-11.579815963421442
-11.437971697050719
-8.370840533313721
-12.287553960790117
-9.425169409965102
-15.848699529887297
-286.64516502696
-7.4095131299881425
-5.438199883207214
-6.241280124960898
-7.1848787286314675
-45.670646074221025
-12.996685082323017
-6.599726427440736
-125.759462481261
-5.8859929247561364
-10.744423775796896
-6.950255071722237
-10.98497743026485
-11.925252829950193
-5.208156702097852
-283.1760040952184
-13.564434336165448
-3.5059971149305027
-12.486109065938475
-20.297018763162544
-24.521436950354598
-4.612187299824524
-9.645262951754185
-6.746067467753352
-30.227620236298904
-208.68236690275972
-6.900037439358469
-6.3888716852511855
-5.623825524950983
-8.972554337846887
-10.91968087008186
-6.12365450891597
-13.403307654801509
-11.841651293445278
-284.03378116243863
-6.698590180997834
-14.49316572148448
-10.05468507226729
-18.40021860304687
-4.557648265090678
-6.879384978208663
-31.16047308102539
-7.927474718911462
-40.11990202127298
-20.65888577806481
-217.2557316290382
-18.66528776413232
-16.984811651085707
-22.809638469327595
-100.83460576446772
-28.278069375306647
-10.899030485387371
-99.22903157871585
-60.755295953857875
-19.706683015092683
-26.88530272960436
-18.303406591971
-6.094297891622942
-14.613298341485605
-7.4846846376185265
-5.28934283056317
-5.002332284286984
-4.603461560686343
-13.316469790054985
-25.999437433833286
-5.035649285476031
-9.314634763769176
-10.498736799743527
-7.307053655660115
-349.6243530181273
-25.246614656963565
-6.310159888321718
-8.357759720364951
-184.2198461650358
-4.230442408505106
-28.62969586173838
-7.428400920467588
-22.252008400698003
-7.793725704039772
-7.882458603357753
-10.59323512958062
-6.544176352735785
-7.071617902888063
-373.5915025776707
-10.732524072850453
-19.3771685032004
-8.828181802844153
-40.98638494416291
-24.814786200640345
-9.44946099155064
-14.640546428634652
-11.845700384540422
-42.83072709980038
-8.651158130090158
-31.51502017859796
-59.84337142784856
-13.229131111719617
-357.8581304590659
-26.558726092220677
-12.371017274377751
-54.83892015001028
-30.247761882675626
-219.05419745554687
-8.65234023317789
-4.81641699284509
-81.15707506528453
-11.694609650572671
-7.205136174562226
-7.136703392688274
-148.82878265410034
-289.85092801060097
-72.56143174002138
-12.511235161234481
-6.65989634310831
-8.918794178926621
-12.160386706633581
-11.256724497435938
-27.361150531351967
-14.545693751967269
-18.388284511542295
-25.76760787511232
-7.4010730816951344
-11.348715623167656
-6.988330344749981
-6.571621113481975
-427.72677613029725
-14.230033283676185
-25.06280654483492
-6.736041643117114
-60.10559876256749
-6.143191575567203
-9.497865549060467
-28.86621246129817
-17.5001758787175
-36.724395074408314
-7.803069524812798
-12.32499469197267
-6.164443388120877
-5.6658420391944
-3.630899688304237
-8.163365150375103
-456.0424523648359
-8.40406876745928
-2.9957577841334277
-10.498154079374004
-5.498078418422782
-4.491725673015655
-6.045174049625228
-6.011504317473218
-2.897306007539258
-14.702247210583643
-6.113505783493146
-4.198707539637001
-4.451185105852486
-4.034118780755719
-6.144476551024292
-14.819187407564762
-11.394201466481075
-3.818958675788401
-8.224698672415718
-262.5294433379746
-310.81305621735214
-302.1998015770702
-13.083468273068732
-7.728411588127163
-301.00038299306294
-96.31975585950862
-9.824408059562726
-84.25550557560591
-98.73956046871552
-171.7242089224667
-377.072098991623
-18.17544259602571
-45.78935454541642
-233.06709525174642
-248.5290879858305
-176.12144523455214
-570.922639116027
-550.463427158581
-17.41731534457809
-42.664807509660065
-381.3900717186463
-153.1103000481205
-10.974008114062169
-19.960619355912556
-9.564406689270196
-7.900361607785796
-31.28236913044976
-25.143024672778214
-8.492835960798024
-6.89192026534183
-14.36326032027848
-26.29253761307887
-6.442736654338804
-27.387840939429417
-31.242414484332823
-19.889249596196585
-109.51022043423391
-35.71188794269225
-46.64006793903667
-46.93813969980171
-114.13842603256654
-16.224556457857354
-48.28744184315794
-50.23604784301181
-5.771369882182251
-3.199732201774914
-40.93303932095189
-6.759530848212705
-31.969735445559138
-217.26524794991434
-535.1007289524003
-55.91613887273148
-12.525724663258742
-219.0176193361652
-10.176315178597052
-10.913169126965395
-9.242632927145948
-23.956667236962375
-10.369581268516995
-53.16898658803192
-214.5100006473104
-8.452557614335468
-11.798720367075603
-29.046464796328465
-9.711295033815148
-234.15869136805
-5.296205252650354
-6.163886718208056
-8.65457030953585
-8.872587218599016
-15.534690361989409
-7.028367676143525
-2.637291195597034
-4.702721215129312
-9.876411908322646
-189.33208044729935
-8.378777189571261
-5.896233221430573
-8.861147735963565
-220.91711991584754
-7.477722995688659
-36.55143823907966
-6.492033326791213
-13.155615580765105
-5.10291615059592
-6.082517499763432
-76.08083550049983
-5.508536510597983
-8.24957688238573
-9.163634654493569
-6.337737306786485
-18.84065186710351
-55.0258922653268
-5.147815817114173
-7.437395635454192
-87.23171949325234
-12.323486983880327
-7.169741435407784
-11.662866932922688
-6.6056574330116495
-4.497479770303179
-6.932842495622376
-5.170563225804306
-148.90041658651722
-7.460160237649066
-7.074127158651248
-9.530370654597018
-3.9265494201649034
-223.18661809165695
-5.591441345944028
-51.957033546722656
-7.808161175007972
-5.711203118078562
-6.454518744423311
-119.24348089970937
-9.345220427746748
-9.576631903475215
-9.342990783172983
-22.958357559958262
-16.65257244154085
-29.92652709381011
-5.700175480846178
-8.98543232600297
-6.408001401391332
-9.376743659034844
-4.793243157142258
-8.826333137905598
-15.594562086986683
-9.690290995355797
-201.18970717251094
-5.211329329245033
-4.187031321295564
-3.557464569894675
-7.528428326642958
-5.5743904877610095
-8.032600265078747
-6.373357697543509
-27.405548827115556
-244.96863774079875
-5.528601571655013
-3.5202936051069162
-7.60693369007992
-8.580740653619479
-4.985564695369735
-108.5822531820816
-245.6821311766925
-7.15111874429067
-11.239534471660036
-330.19154169585545
-4.753301158446477
-7.410163438373338
-15.402484285775122
-4.05833866342537
-7.957369300137132
-7.24713373307514
-6.033420018192107
-27.02645227015282
-8.395801686174375
-5.7798360367586135
-14.8738694169894
-24.447490875986134
-14.391779965794413
-4.592421584690763
-12.803238270380927
-7.2225311225085775
-12.652321289857351
-81.07164804431781
-10.811938093230713
-6.363611078202889
-8.786553748475852
-19.034349594221936
-15.198358205535454
-8.599268679854022
-11.583708052486594
-7.313519097505111
-11.283785280699236
-16.79854114754757
-3.9022351163722497
-11.4619390059193
-5.564555436170585
-10.351950237399258
-6.800476830910021
-7.032251914546815
-17.181115955530185
-6.057132538695547
-8.831779756389036
-8.95356956824768
-4.513207076475302
-52.14289125525656
-193.0292561750638
-4.27811235319499
-18.071942975805378
-22.478217059593955
-4.898109584593065
-49.81180583820782
-11.737570035629178
-27.548591332032725
-8.15116366744569
-3.195054786159101
-5.098203330994085
-26.542214985363543
-168.20714809264263
-6.764550126177739
-2.1758660191785726
-20.388549115157645
-20.01078184701764
-26.2781426020157
-173.03369275397637
-8.009207344048852
-14.709961870395123
-4.743649750670697
-9.759939421209934
-6.459441482674657
-6.742301036170474
-20.3323886078645
-3.7860483690173043
-9.073274203405227
-346.7265101280069
-5.93678618057734
-23.499384554119978
-8.422943707392795
-5.633266667677585
-17.603042535102542
-6.87921282564522
-27.926898847845074
-8.295906892661021
-23.376868320800423
-16.775307289698798
-17.08956711064852
-12.992801736036782
-5.8411910657381085
-7.859188610082543
-11.574855297814786
-6.99613353483848
-9.592213004205487
-17.82927889492514
-25.047474330368562
-322.3944626107654
-4.80107230564187
-3.016991033482514
-4.795500737925521
-6.506550947335274
-16.798315300025887
-7.9334619894058935
-21.111103189080605
-9.071826493496824
-7.100368247788714
-10.837849806975303
-439.85535024294455
-4.834349181528868
-7.08270564284883
-8.991113337275594
-26.677534911968813
-9.734176639766666
-11.342403269593513
-25.041962183956663
-4.751717495300637
-5.476294627309834
-14.13955385969424
-5.416833661013345
-4.371373896050225
-4.115579023956224
-289.0670078036605
-8.821709296657303
-11.076338501490369
-399.57526058323396
-6.011169383518446
-133.8396542292716
-108.36648322425417
-7.771507274701462
-6.173019410754336
-15.502654559550258
-18.590088138697084
-6.537393022711805
-11.811613966636838
-16.98806081262787
-10.859640950308817
-49.19651653745888
-71.17904968123725
-37.28731530624825
-201.56705659032943
-6.085547525293798
-7.219629636060678
-17.1151340831004
-10.836441420844865
-17.5378376964249
-105.79145640630023
-9.603360245284136
-8.146155988493303
-129.93845749878815
-6.356590153912912
-130.872380691471
-80.02404077496632
-88.24171920739958
-6.510056281897426
-6.1012438139080825
-11.259502944052892
-186.86399467046041
-12.964026150225523
-12.000809532173745
-52.18491299974376
-270.1101615975577
-64.15135871265699
-8.201938544596782
-10.241800717022448
-9.498757560409896
-9.919306012388201
-8.368629032822327
-288.28418541704036
-64.06492444256988
-330.9068459934208
-15.123513875204232
-23.0674916902008
-16.479562295949744
-35.68071784136153
-14.042790431941233
-13.312147262121961
-67.61234171009484
-8.994366950960785
-6.9199300277341536
-152.48714943422962
-61.76631217385393
-191.99914646814122
-6.486827402809317
-7.4899886681115575
-10.56311202304821
-51.103066979931576
-140.1821385370714
-9.458447730997849
-5.151743997199817
-9.836679868027765
-83.75077101893102
-10.435115792429917
-8.433092716629837
-9.403733900265287
-469.50733982936487
-8.960506491816068
-7.56543531879894
-15.321990674751321
-19.1083264537924
-8.616420738301365
-3.8921385857424804
-27.792898665927268
-37.00866477161491
-5.358861905248507
-10.05208091269796
-6.338348474998419
-14.768033347929736
-6.021425187003621
-6.426984170820653
-8.232475291974644
-5.51372775499925
-8.022045038662007
-291.32805189975306
-111.19321095907824
-18.846403620833396
-25.7752754501494
-12.686225112190517
-8.377743535285369
-4.891034513479115
-10.09460168693313
-25.197696077068667
-15.003343132519685
-4.32151100802967
-5.473882209095023
-16.014747369081032
-57.87214951595424
-6.2705746514020975
-4.300936170921082
-79.78977951118858
-6.740696500441164
-9.107453856640163
-77.43611276635465
-5.459186999177087
-8.988642388699786
-28.52846455507826
-333.06721062319
-27.63494875467646
-34.824244532249864
-42.084704454853416
-3.582669336908182
-17.04745699437028
-10.586445967801811
-21.450185440588815
-4.706581654559752
-13.750446813075135
-387.97435388304575
-14.786591707897003
-8.136132910611149
-8.395209944994953
-377.80937121592575
-5.951253957626935
-8.727035109667906
-11.685832373044406
-4.36294052640812
-6.079728238365138
-4.411067195508327
-13.423089313892076
-16.66123131222639
-11.294365361441344
-9.702176525177528
-7.6578281140012425
-4.895687553995117
-63.41781366754153
-12.305106690443225
-29.453726025081743
-14.819305116000738
-14.905564413925513
-3.9219740558226235
-7.899332845435928
-5.903576192407271
-5.134375820246642
-7.9493859260236235
-6.922256163581008
-5.580180564524006
-7.297468887151488
-96.69282070264171
-182.49341876626275
-6.665244793732998
-118.62011930930791
-9.164823590325677
-237.91337364009414
-31.93801504374408
-7.604312636765779
-7.6046647796593145
-207.17619201095582
-6.791724853057627
-10.245264768401345
-12.786836322574253
-12.755911066783648
-11.111918334793659
-21.031960506421612
-6.002156262122949
-4.532939193877729
-11.110634499662575
-44.52786669093949
-11.30301076769446
-11.41168675433495
-6.995768489814398
-10.37941898568539
-24.284545519811918
-61.24160284349239
-10.02125376626053
-98.62424818973965
-11.991612454948939
-29.817247855863386
-3.2616692569507517
-6.145048704621997
-16.09839855481074
-6.608698259781326
-12.088356900029128
-6.596852261841892
-9.745481227790517
-125.65944734371425
-69.23644602854307
-15.260851714487245
-8.381926631044982
-4.574547322113364
-9.478668113773889
-14.325836439592768
-6.36267983348748
-5.603690593238398
-12.242092685672407
-9.264693154411267
-233.92167464770446
-5.400381135783083
-11.325604077022625
-7.09832392213863
-20.606100172897033
-6.957522058392589
-6.541656130338909
-7.491241130687129
-253.7830123893239
-20.41065956581767
-8.182407547012206
-167.79983848386746
-5.924802654299811
-7.643984216822433
-4.772520016849779
-23.14063149151476
-6.626816839184099
-97.78572913357387
-4.92437126760344
-5.444139609211177
-7.9224276309503
-9.384428228901808
-14.804829127622135
-6.221810963204273
-24.9071395459913
-27.918736369882215
-20.794306623760637
-16.609347662104902
-125.3014678839651
-131.99103778162817
-5.288204707821552
-3.938608569708814
-303.3735748531418
-47.13016674917374
-13.576742769648247
-7.003645754106413
-76.36673614007088
-4.62367494478279
-7.412769553184756
-13.30404535193845
-3.974506360187812
-4.340985939007524
-9.382518246084443
-4.679132922556285
-98.4125992748592
-4.799750124736821
-99.2123377286825
-5.687726827748512
-8.472830262884806
-134.5632179121364
-8.0965081785453
-7.357552050168101
-19.54129004221709
-6.494088316603607
-4.044338922052799
-16.470484336655147
-419.0003352260392
-460.5700483438796
-3.7893827164525056
-3.9820381769706943
-9.037751436915563
-5.755485146033009
-14.908808641086129
-4.8332050020457835
-6.712371423525054
-3.962615483743238
-4.560841813958496
-3.832570832669529
-16.713618316096813
-18.339925236782484
-15.401644060010797
-136.0935423992414
-29.56399022197297
-402.8773337815138
-179.9905046172254
-75.1239387633364
-12.719725655716445
-271.12075348392557
-59.11113370470104
-11.287613209414829
-5.9353222613351235
-6.182709544829421
-8.08198048298393
-95.74093119845111
-5.338290299891391
-9.46991089326456
-200.20464401554625
-12.343710368112543
-30.28273365424421
-7.535139574917517
-10.379523817669158
-14.660554326374173
-167.80457759640834
-5.9644012068029975
-5.376133570271475
-14.316491076318462
-21.336827285329218
-10.978941117014871
-15.103048284538604
-7.857883336470107
-10.109577556795687
-5.8851736125573515
-4.245415418316702
-6.724114968286938
-125.58859949543825
-78.91656571128212
-353.6061968341557
-6.264736566346574
-14.762788718078003
-9.719724435105851
-9.926445760001371
-11.371018131417351
-6.7893341740047255
-28.39927818444037
-6.972648949926104
-4.444861926615779
-115.9040449806554
-4.546661603958355
-10.253702059477284
-7.666366819695847
-12.999745729728959
-64.18008076357923
-47.95570724477527
-10.690043072145308
-6.75700598379272
-8.22982745513587
-7.580508933986593
-18.819170990679112
-8.088556285115107
-10.097430637642413
-5.558247773084871
-106.02572712453957
-8.646601105227603
-27.53444101378322
-298.7909047283036
-6.147407978135882
-11.92883516361467
-9.496754321261438
-14.15812981763725
-26.903071099476946
-133.1684693550731
-10.483386500456637
-9.915474365089239
-8.928392612418456
-11.104399452827955
-11.95373022123878
-11.846304287488262
-29.778429493748213
-343.9361395317926
-12.218647043291956
-24.62414126274101
-75.5758837054657
-7.910893435603517
-9.81494186017328
-6.777740118575581
-7.631651738062107
-6.884039152636979
-26.77546167673691
-436.1219294639464
-4.451550130267367
-6.520406782684998
-11.315807347301163
-7.305458761630474
-10.530101147369036
-17.047721457761796
-9.419709675512092
-7.501573905209592
-280.49468953188864
-16.305438847497374
-17.820124143532773
-11.058179469874107
-9.151271142472106
-42.487863231566465
-33.0337981820487
-8.12645633863785
-9.469404937187795
-247.72633217666723
-58.894092534679764
-7.417016540169136
-6.399473758453721
-6.300546454377147
-12.410275510622132
-14.090208818040805
-7.131534508469472
-122.06654402500676
-9.959977240849154
-15.139777147528193
-6.176113661542037
-24.63463647096515
-8.448156503238398
-4.757359395874591
-475.3733369299001
-23.97510163304724
-8.856553586309788
-11.287970061219978
-38.950776206829936
-7.396833340728008
-10.185333650197467
-30.775538997884393
-10.164820949700362
-6.385272548097056
-5.948720800479326
-4.36490043184346
-12.150267871571517
-8.915582520939413
-12.426743659706828
-6.896752853805071
-11.667297777660437
-13.183178777152474
-6.617447956631271
-21.061914205938336
-11.760354746781394
-18.531583577519225
-7.532817452282426
-53.17217199444933
-5.747099430888737
-7.271115294309945
-6.0146047654752595
-6.768433822078712
-35.624087926442954
-22.54325121489176
-37.51571512782015
-7.365991502077318
-8.024152913410608
-5.533144435801625
-6.252955959441089
-11.900543030431683
-4.880702560325584
-10.146339830919514
-19.343147573728018
-18.94349199100643
-6.696011138832459
-10.82975083134053
-9.25947411996473
-7.03783096020738
-60.51013202660107
-10.837588747434488
-321.3222347662366
-6.239450165418826
-5.1350710628968255
-5.981778854096012
-19.464278490151575
-12.243789822830776
-5.79051362122665
-16.58994435158426
-22.822536572652858
-27.93301555462084
-20.132993216394507
-15.375033372688057
-5.796727020828005
-13.315809578079467
-18.489347162428537
-5.751609034875082
-7.6831181505686
-12.961962059328371
-6.725678371758875
-6.625697948999486
-10.85946014452796
-9.46638513848485
-28.509067305598414
-6.5013802830419625
-10.071436001603804
-11.102386773384472
-11.649538894764536
-17.506330296080503
-6.177905794406408
-10.855573862909013
-12.71158428620308
-13.666705103511674
-69.69869719559485
-234.60135046577514
-6.037155923002033
-15.132007361878173
-19.984090066576208
-8.995113205275269
-4.809970644426088
-5.66003940227662
-12.830707849458918
-8.226913272838361
-9.74472534283249
-29.01295585506767
-14.255241075222026
-3.663615680789472
-7.624269384042131
-33.68233362764533
-57.73043924085929
-8.138418274691102
-29.938084989430624
-14.58250875642727
-21.266769705619108
-35.78000332871194
-6.483983801970425
-7.917929193919365
-6.619537948934503
-37.89397676928348
-8.250882021365065
-6.749772424812169
-24.577780966767566
-5.392343192535136
-305.1388158716301
-10.544067780729097
-15.771197016282166
-4.513119281102212
-5.081545268784224
-25.04897539442193
-14.483871615238566
-15.378047479311556
-6.816783567242158
-14.947372329643365
-12.001523779703522
-134.38639161294674
-6.884036343496064
-17.10385683657037
-5.791501585874261
-97.13858657260624
-20.252614211422074
-3.755116666376681
-47.72642667539779
-13.645007044987992
-6.386682050160195
-14.030333449182928
-7.575780658146117
-8.865069733112401
-9.841637246386501
-93.40827312681172
-16.631998385979436
-18.667280208983247
-6.305889513456629
-187.5302739393903
-138.92178004744548
-4.665628480778752
-12.737448544880802
-9.32957276971877
-231.61339311889972
-14.088282257849672
-5.860320476139516
-7.275964980417493
-8.44386392474868
-15.066865230069345
-38.06197266529223
-6.711862319272441
-4.316130858723182
-8.297089511352281
-12.10716160344033
-4.854984663522041
-8.818314942480276
-8.538362838690011
-16.978712044795618
-35.505125947245624
-16.75864187213766
-7.095802140708368
-10.074045667082533
-11.0288420679971
-12.153074726846956
-7.350287605106217
-23.584438303579365
-14.590498311298031
-4.935614275527856
-8.414119920847211
-23.897261008213974
-7.403686903637439
-4.617068273179889
-7.389459225874009
-7.574853261226539
-9.063568595973397
-11.247149069194263
-327.2787490447272
-6.937937878486461
-10.415242982553647
-8.910186068812548
-19.570667399306274
-10.486491254171083
-15.494215847285574
-5.424676261702792
-6.10152631934737
-10.914528538784595
-337.41726835824795
-19.21541711204088
-4.1121656874435
-18.760499039568394
-9.145616477463125
-7.421624937504277
-6.463113525500041
-4.476943025400551
-27.694117460483078
-5.728985647274399
-7.365144080401199
-4.879976495516924
-11.93040722752067
-21.66739547847885
-7.496044684032249
-5.462997872038887
-432.0073226004211
-14.024531012200582
-7.298710878334017
-10.982545150215142
-11.636636977793817
-8.039509977959865
-6.765404616440591
-5.809742882908419
-10.564958811392644
-5.85792163981148
-9.857376175397814
-5.040455302102251
-163.53363451549603
-6.855862601663271
-5.8372346882577375
-145.89849878925304
-17.173726458929778
-5.907324533547877
-32.644314562741606
-3.8232620356952287
-13.829498696679341
-9.750901214365381
-5.454821477969487
-13.427474634879566
-16.346043794611695
-5.165038083095592
-5.711645737893301
-72.2075108974931
-12.921690316401907
-6.735948071632776
-8.944265830425877
-4.7037784612383255
-87.26272401974921
-5.337342127681054
-11.510014150875303
-10.4979500501929
-6.945412181972789
-10.439544200249554
-13.2185481867056
-4.778870095474001
-6.00620885455546
-11.483308402549753
-9.950273396469242
-5.748123821364816
-10.783557780945735
-14.351919895121824
-4.684500796097559
-6.986406417253775
-9.034979900232564
-5.31359976745558
-8.374896853078663
-5.190869125172542
-9.438019124299103
-4.740996180204219
-4.650380477416958
-4.220658365581559
-13.257819167380715
-4.333967342565293
-30.64683222727071
-6.114960716727912
-10.362825775454173
-14.654164763997157
-10.470319797092275
-6.459142805537255
-12.53460795359986
-7.177628553111424
-10.034410641111107
-33.76952057750286
-7.789255566985053
-9.835181797892172
-7.850055964470335
-3.1678771879079646
-259.77170598745516
-73.2890285333351
-8.396709108572175
-8.933578119232287
-4.631206711940893
-27.477941199018566
-22.9138502711703
-8.223105970349694
-9.651989727349148
-10.410237756618887
-5.338049131847116
-11.980629375932295
-59.469356790539614
-16.83250592340673
-18.877349675299307
-37.05760343258929
-7.938404275768311
-7.339505040631281
-13.47296774397304
-5.610704039612607
-7.370924289274907
-10.001804071191192
-10.32786281019939
-4.737370067297597
-6.815625097241114
-7.204986209114643
-8.178881094898307
-11.723075518968683
-13.008991835413694
-7.581813085699933
-4.383329226084264
-8.589192874199144
-5.9861196831721415
-4.960037786577527
-5.601143910286442
-6.4814079270007525
-8.67515042074848
-5.637839551063439
-4.119432232210759
-6.148554292358417
-5.71459434390061
-9.405049748486904
-4.916802162425668
-5.293763278590607
-17.39176704604868
-5.108809467499458
-10.228099388063624
-9.183503463478683
-7.884866438491547
-5.461028335858513
-4.539775427827031
-90.10864976691805
-8.924121758482938
-9.920654513676515
-91.02074358352377
-16.465787793937398
-12.910871736344241
-6.792354820488249
-312.0807861937307
-160.69381204411928
-20.662394521948013
-8.415943751738446
-7.3931052462376705
-9.079168238820456
-23.183334057451923
-13.353706833051834
-12.218660168944291
-11.673806217345927
-3.226871471626115
-12.944173085010044
-12.530663346065129
-17.16581007121409
-31.25649357462364
-9.352551898584654
-6.380718636348071
-5.60028280455597
-247.69647098011458
-5.54267958719033
-118.50051226190762
-8.930009968955929
-36.980804282297896
-11.63349603348874
-3.9931695793580118
-11.169098772227374
-7.706668185727196
-9.914021633733649
-8.476471003508516
-5.649720737374769
-4.299768838769238
-7.698184331340089
-7.8142645529138655
-160.4152534790939
-8.139016667923602
-5.450313531737006
-37.40605989767553
-238.57748728936812
-15.608140686305358
-31.35157597092114
-7.74497384811863
-4.875741692817506
-21.570399730065553
-10.176898768015754
-6.64181042790622
-6.05559295642508
-7.152115514694588
-4.686753523935453
-3.0919394487812997
-13.689611814581722
-12.637518485321795
-123.28257600105901
-4.525671228850256
-7.713235030625121
-11.463012812823331
-3.801506624715667
-4.542174626653734
-26.433976513644033
-8.16081984375921
-198.2669752582423
-5.3723303205826625
-6.34952408150348
-314.84702040292757
-51.84233458860031
-7.6990994148713545
-10.447368031750367
-8.814242485175269
-13.131116643133598
-6.153391980345189
-231.33892809490263
-13.614141014781046
-14.75840507994134
-9.925419699586687
-17.044586441621593
-9.10893687028674
-123.4963587432594
-4.750647424387542
-7.090467576105746
-5.68516725341654
-4.1157444927738345
-4.563957357774865
-10.411264409053667
-145.01190540951828
-6.201585052883395
-5.63482461257073
-6.422384471835864
-12.153444295627846
-4.836613318591255
-37.97686636927037
-17.88747669974977
-8.21899431502927
-462.2573427471375
-6.2752788240104245
-18.955710345596216
-9.663243355821814
-12.505059320016436
-8.490704822001327
-12.27842748165493
-61.87641294031059
-18.92782473801357
-7.724189943986121
-11.07848902836132
-6.439485971585549
-11.591906098625444
-9.855404755510348
-299.1500310916474
-9.87642628009498
-20.533970612658713
-11.108327846537573
-18.140525759338455
-5.653567175970281
-63.477314748806165
-16.62809004350631
-14.659857020526118
-60.599458728182704
-38.16765582626691
-11.413678498750832
-227.60341786355949
-18.555297521420318
-64.59195026041775
-14.354464292081943
-7.50605735069911
-6.325749119191781
-14.340884039787802
-17.484164602525976
-11.45997184209718
-11.226122789885581
-11.999079829668142
-52.92348920972074
-7.3603242730143785
-129.1723472330509
-86.82834139074487
-20.75889143789602
-11.991383670898909
-3.283610749599114
-30.327217705077736
-15.59160486934088
-7.561838946915238
-26.161332166692674
-17.169078941274943
-103.92689303288937
-22.087929149646396
-33.584091103417045
-9.856040742387975
-50.24783740805446
-10.450492325707492
-15.915225639900378
-6.742100468769864
-9.781199340012298
-6.279655696113158
-202.3039925064827
-9.768257698096477
-14.075926131168341
-8.491925846249039
-7.552861637649806
-18.799063115023174
-13.096791056252375
-12.810249033116337
-34.65916095290641
-11.843044596297773
-17.362776913495374
-226.24299261661145
-12.75036563148566
-10.046228335233938
-7.4156580542823045
-10.875278278636566
-8.282623434452733
-5.0473229669849635
-17.694934464421294
-9.99463742828632
-7.752500878450805
-17.1107912496991
-9.803240994890835
-15.84010287036076
-9.868553516331637
-26.833848468014033
-10.445805197816476
-15.302787247388117
-10.219159063090036
-13.509410067795123
-7.739765665955998
-11.440541207818434
-23.945644082625183
-229.92529017637202
-23.409075630716504
-7.764195885941876
-5.373935217062015
-5.648614975099973
-12.87365123675921
-81.51299910823282
-20.683451577182122
-10.05107837474096
-17.354571775629143
-12.510605991240716
-12.535244164258092
-8.676742681595675
-7.861540652572654
-6.813232690046649
-194.4974034210102
-24.599508181253178
-12.572421365597569
-7.406048680949999
-92.46143169175983
-4.9614419234364275
-14.827144818846145
-8.532622051700875
-29.620562626580565
-142.29904264510648
-19.310270630905357
-10.48650094697316
-33.75450143450943
-17.87084815516006
-37.25622363903227
-8.4487696569956
-24.0296170726678
-23.464495636290035
-21.47721600484929
-154.14786444376816
-193.5989376880593
-38.92556778969347
-120.09700665452839
-23.63412877610868
-59.43131684327973
-21.771438760321207
-20.436423682912714
-22.430886090080328
-109.26542620182498
-7.415705752362483
-29.284655016923303
-8.147028421623961
-15.912362181551918
-7.262228618207156
-10.656480817220787
-4.719559546932684
-28.62349132734775
-13.164081900638616
-5.699064470475087
-8.713864600527991
-10.740873537791346
-23.311156913164318
-9.97998515556708
-11.922698933991768
-9.071539372319211
-7.4974060523335275
-18.07151401410572
-7.974405120682485
-99.90088521659014
-254.84128269699661
-11.10576456147704
-6.330227448950922
-8.598228759572276
-15.9219304839282
-45.631814885161184
-81.70129688115192
-16.12839665581706
-12.086189974167041
-10.399556053714484
-26.86589697721811
-8.981072038874848
-395.1800864139224
-9.094532179062242
-10.384604821421346
-4.956982628092168
-327.02397692073635
-4.209460299715794
-6.533525869306089
-5.324896497937193
-8.01272208755626
-5.470021972125126
-6.578976345311939
-460.6034497289177
-9.50689141427608
-6.6080671512647395
-236.84850125633687
-7.222480194483413
-8.99888139620087
-9.790871763946862
-17.791799977891085
-14.734266167550214
-14.436596993790388
-240.1825539165241
-369.7805373449237
-266.19381113719515
-3.2423043453022857
-6.73053419414231
-8.279819379407723
-50.90521293887739
-4.148011921312578
-375.0292242486277
-241.59729756195762
-6.0292122699968935
-259.511425997558
-242.4978810196557
-104.42978896932608
-200.5767195064194
-154.5587245231626
-130.0811327542553
-256.79296023780637
-22.917586738728914
-184.17871725201238
-12.847284604516618
-4.701792330121785
-9.63141004270124
-4.971489227505396
-17.879941149040416
-4.991922877979248
-5.666635436847661
-194.89389192567904
-5.167388947948838
-25.235499833290316
-4.952951137981929
-201.05057847352475
-7.46704543876218
-16.743585263889923
-6.634365902117053
-8.567345871692904
-6.3779829840360875
-19.528915246963184
-5.371677892962871
-7.464885822807967
-293.09941325531577
-5.421337280207212
-6.7903649033591655
-13.471985681930462
-5.597721546254373
-6.24597511044016
-13.803090403116803
-6.397569152264456
-6.545535210042428
-2.458638087119055
-8.03541903579668
-8.646587680972388
-103.35618812018815
-15.536721976955548
-6.611591413700977
-58.8301489932678
-5.770580901506041
-8.419436639236476
-215.2128047809943
-210.90497542734138
-268.12612326293305
-39.233619234710325
-316.3016838944276
-16.416939871537895
-6.81242747920106
-7.136800403003924
-8.001388901324894
-6.600942822925127
-5.789214779437032
-4.1121579598550895
-209.80718195013463
-7.746536773333627
-4.853087783598307
-120.06241403222539
-5.1949874052496705
-6.180419855255185
-38.868487922941874
-3.7921139108293294
-184.44706449461813
-8.486086725592328
-5.0641948972114035
-7.705097620346309
-5.78377815176907
-9.21019353845936
-6.846011019054837
-5.843320181739043
-17.93977843143075
-3.9453265192275793
-20.00428822811684
-43.71801565769379
-30.472665182180535
-79.62771899221816
-10.201728906470741
-117.9520987417387
-5.897624677007554
-6.22675696115501
-3.1676271080251412
-4.653522599280284
-7.756953969326369
-6.188721199494862
-143.10821211520675
-144.5830935068516
-207.08355012956025
-19.742836757738267
-8.189416758616881
-8.860039026346419
-9.037197905191848
-7.464786395061841
-8.321845096236176
-7.80797155368815
-7.883141580379441
-14.679344509265459
-475.2708946216809
-4.03997631622379
-4.1241856841255835
-10.888852545870357
-19.068021049411378
-5.964031948856784
-13.36202026071285
-6.695720687550361
-11.997411266057178
-4.462271029700121
-13.593760099775048
-5.08362483640395
-5.543466741727584
-10.305073610099136
-6.208623424989112
-8.438183701679955
-10.765162646175297
-5.4763143364511375
-9.324820750403015
-4.053803176887753
-4.818303188881528
-6.821009911163997
-8.132747312412128
-7.015014536603154
-4.540637145270075
-5.305460171612515
-7.758793256113256
-6.5614336697197295
-4.187617600837435
-9.593485545947887
-6.828363706073105
-5.118716784247657
-15.714133439539886
-5.855593826112782
-9.666219902700746
-12.183349379849595
-7.164070462307188
-3.3315784366304673
-10.230029441635459
-9.674528287411617
-276.7881799280925
-320.55266751754135
-5.219612354902669
-6.5070274528214656
-4.874696790299965
-149.76282181095718
-13.308157810305966
-20.82494755305529
-10.20017368389008
-201.145904050793
-7.275731422225324
-6.7160064641042
-93.30680636713242
-5.896694984111079
-8.536403398661413
-15.571045193272713
-55.64278989987862
-14.156710117711082
-16.14875926816538
-35.898262020346706
-12.382373989004025
-42.40997857978371
-8.340723292536321
-10.1258255981189
-323.1413595221081
-7.402221866746732
-8.149100849334129
-5.839155215575765
-453.08329401447077
-6.520375020083108
-6.980698095407443
-7.083011781267167
-6.130705870059393
-8.581463239640618
-4.536610989812024
-9.688864706518522
-8.304800785101063
-428.7794047388844
-13.350420572519162
-6.558495866745713
-8.2543401611722
-17.5325336441769
-12.355970142067173
-10.22854015583919
-17.60946179065342
-9.588028066133308
-7.566922888353946
-8.713589528562053
-11.439121037290496
-11.538266806179186
-20.79445772427794
-10.441281570565183
-6.738340944142173
-33.741323681941765
-11.23111766239304
-8.637680487502271
-88.90812089119318
-7.122911268147426
-9.426002338408427
-17.911154616537363
-31.87317918250089
-5.399880832956772
-5.253277831141558
-7.889729963186249
-17.957709505197283
-36.04505801163044
-10.20637834804877
-22.36575423185327
-4.893940275325382
-9.212961790439385
-7.577845465362769
-5.812290725738212
-12.009430073206378
-11.325781852379173
-4.77143592199567
-12.75901408840679
-14.15579451615541
-7.033465186203164
-11.85871338375493
-30.160834531884596
-46.26474875910661
-5.653661564580547
-8.746975241448553
-39.79399606264834
-7.047759770583211
-6.691226421529311
-13.227272501513742
-5.8668707942695635
-8.535858669630525
-6.293869740380583
-19.955620172443325
-14.689234869095005
-8.31495502086717
-9.692274769734796
-41.669742557377404
-32.447103156840974
-11.186243918442804
-10.552890952850474
-14.1271924730253
-7.488520194838131
-14.727504691104354
-4.923964907051273
-16.762989487200095
-6.533811687329766
-5.983388723138374
-7.103389769768279
-8.46359073104182
-4.102401751323482
-9.533808167961517
-7.893865512583202
-11.105113615524786
-18.331887706939302
-9.337516333658595
-11.716854422328012
-138.98193403775235
-99.54248415295909
-6.763247665705735
-15.60533479800818
-94.82410777157048
-97.91954938870327
-108.7784661427134
-11.987223103893367
-6.716231057383212
-40.24616770466482
-49.39268611028696
-47.10520751545653
-28.128391052257825
-41.811102560183514
-37.19931505412436
-6.899333705094093
-6.055381971942122
-8.101644503045026
-433.31415953212496
-11.243316940311047
-8.975810014847557
-14.074344909987351
-5.080253081478393
-52.77282137018355
-25.50126124893009
-303.18395966066765
-36.419131449600286
-16.26418527863239
-89.99763456716444
-11.883682869114395
-7.894015809568492
-7.057093501124782
-31.590568873016228
-5.263552087031888
-14.086695477383282
-3.9645402526589946
-12.698510988269428
-126.49966429200914
-271.80057725870114
-13.913988819720183
-46.24392338486637
-198.8103028679419
-218.64228541904197
-8.451717312365338
-4.678461143235097
-5.192058247688716
-6.119802233461779
-37.54449920361584
-13.41544889531634
-19.849859719763778
-37.405966328806905
-25.05034742116286
-22.781802767898288
-5.635609223566539
-309.7349331568875
-9.119269714799897
-5.283606999825356
-5.320919399244544
-5.300615317654953
-11.416910620181797
-6.16091583719088
-4.946351258296749
-9.525589114802795
-4.228232571006306
-207.003237026228
-10.750542118202663
-8.366994364309317
-6.969589288684042
-15.487635827881366
-14.1216029637804
-4.385708388938282
-10.786569840239242
-12.969567846301844
-5.454065692307838
-6.856872830292778
-3.9040254247014112
-8.21198839901576
-7.924175590101417
-17.18713819730645
-5.437366745265416
-5.139728565416663
-9.597854395757965
-8.449947641958008
-6.840653751930882
-7.0697415078332275
-10.480278057574882
-7.323467697683361
-10.957582748495275
-11.264447195085591
-6.184358058737893
-6.850250676344255
-6.044303236293207
-4.150386875585671
-6.624250863124348
-9.396190125427232
-7.7221911186835035
-4.848178286397322
-7.19370166398015
-7.628160946760082
-52.11387624325115
-16.74852275521829
-5.819298533794431
-10.86464044649999
-25.216047700089806
-4.653870408483364
-8.899642411423265
-98.28287316589146
-5.819946679640215
-8.014798762785158
-23.2946150241585
-6.548348986108364
-139.47976822117573
-36.6492134041416
-181.48102449888174
-7.45874261742856
-12.300416639792044
-45.52740075213758
-11.973396426962173
-11.567176807175166
-8.037244974097081
-8.898396947877778
-11.80209379300355
-186.85754607666792
-6.012108908535471
-11.977184661180296
-71.56231898461532
-5.242912145780672
-10.519857649756393
-6.514864859249526
-18.901335892048383
-10.668695436772415
-8.49238148110533
-9.159748318706303
-9.60880264856495
-6.693847425443855
-11.416276858128876
-6.206268534909776
-5.530285659261207
-19.28710394646161
-14.952560123580804
-6.861048286508904
-3.2695950321002516
-9.312530031451654
-9.076827899354631
-6.633368317367662
-11.220851327571967
-202.38029980230272
-5.618539686518838
-7.728374201859332
-44.797621997785946
-9.739747841821854
-4.513757479288274
-5.616045980894581
-291.5203880261633
-11.172657396019638
-12.194649437697965
-166.81527023183094
-12.495339970395174
-342.10291069122724
-38.49577060793341
-10.510334605487062
-11.315153741345567
-14.629697230343844
-6.569309783027681
-7.745337749324718
-5.182588299287296
-10.848384320405525
-9.325121768426998
-6.663172724562908
-7.85893973922646
-10.483614673162059
-5.706779794046418
-4.405922841180935
-7.037051276225435
-18.633459539406893
-161.0724693124532
-11.470798217283818
-9.10380017313071
-5.576513814716463
-5.608041608766545
-486.6884665085389
-11.165051304284393
-10.884469314835105
-11.248180056683571
-7.159158977209717
-6.785008960348407
-107.96844468149997
-42.40282139268061
-61.26275275335267
-9.87016972242348
-11.399735642809802
-7.117656421732063
-7.5889187119955235
-8.470487117281046
-5.408363552885566
-12.632665777039806
-5.923852064740239
-5.930003070883981
-26.073122642946867
-3.4726793905397564
-29.218935740589323
-59.138297009195014
-12.986325811808891
-30.9975180187683
-4.9385657482699115
-5.860869666605239
-7.376789386259742
-44.21042890678778
-4.814140237968379
-5.228645301406278
-7.607059791050177
-7.636084225182052
-5.0452724963381534
-3.9483912776830037
-9.952693361214758
-4.16432043685797
-10.33358444456721
-6.315529148409693
-7.313976656711157
-5.301556025692628
-5.009737825369417
-15.491160176088727
-5.092768212013592
-10.396253948959385
-8.465586017775843
-9.29906154088346
-15.933284794738773
-6.087443898760592
-5.212188233273051
-4.1845916175893185
-21.825667588170557
-5.342844240301044
-5.244616981211386
-9.1843357011529
-10.709747311564756
-9.209995692141073
-5.095839942869515
-13.419317552507827
-9.326167730285956
-7.124021472068655
-12.73043125922242
-12.663948976864425
-112.8140045210994
-4.136848900613131
-5.228454308674953
-9.21110893789016
-9.289697671540445
-17.699201036953323
-50.85477879557882
-29.219159413958867
-10.364855544665403
-5.560033186726651
-8.25959893186431
-16.465845190013884
-7.435591478218893
-12.018111921981404
-4.306524631107109
-34.89465248554158
-6.5877916430164625
-11.693675793063882
-5.505769593622587
-48.40388135299945
-17.105450800481798
-10.745551750709465
-5.956306091813706
-9.371156437880147
-9.826169143806684
-9.395531993418551
-3.1612992560519864
-9.402500365104467
-7.4045296652575
-10.590475013973554
-11.09487348840255
-10.254671634327252
-7.978566062726468
-8.527115760266769
-25.1718498632112
-9.286664143697205
-6.954765592447576
-4.676635205025402
-5.95141970995048
-9.23524648419708
-6.440252633043153
-3.9717320241891203
-21.514287344608114
-10.177133820622151
-9.159256585303929
-9.13398731193031
-30.99037984901084
-13.640308931649823
-9.320952770795827
-7.690849063988287
-8.010482542876728
-5.148429328680563
-4.947813086976945
-9.109276548718503
-151.57344433515638
-7.378879894798876
-11.368852412066657
-18.010124272301955
-5.446213870328093
-7.641144818170085
-10.055085454061198
-68.26521123555491
-8.291286004611097
-11.544786580047962
-23.21581930700554
-6.269009920877958
-6.67793292759065
-7.185307983400648
-3.4140319598079016
-8.717664829734225
-6.859526099379205
-7.136827219055838
-5.5487439345505525
-11.730446209350252
-13.070244396355939
-4.928873408929899
-3.8217581217994265
-92.20693233857631
-4.779821844990578
-8.567798560879945
-5.906782404447413
-4.178718162318573
-16.229946385573516
-7.654074738191019
-17.995576577694283
-7.748342712449872
-453.06164757596633
-30.415711454525642
-9.292005942339406
-14.936384359501382
-17.178289036263468
-6.9774374967616115
-17.202446589598907
-7.241461449278918
-7.6078237288825035
-6.507906406114557
-25.989298223482436
-12.47184745844336
-8.562680613612644
-72.20973162763717
-5.881922992522848
-20.00886275436143
-13.635209648935156
-84.79043754462481
-8.001949508044637
-310.95216114520804
-7.920458441269949
-6.446519783061498
-11.21793220345456
-21.643896248763923
-13.695592399412236
-24.44320434835118
-6.664912021651928
-23.960084728878112
-6.442540359360053
-16.33863143864862
-9.83745472615875
-10.339565821623445
-12.911556176911583
-206.28823198365097
-242.78037808545702
-11.786252197176857
-137.84739582821234
-37.47179436005589
-43.17992250485313
-92.08549083343792
-22.19846357958126
-11.234076899802098
-10.190067929909857
-8.786425202187417
-22.06496049247816
-10.531677011431231
-13.724400767333014
-209.73151340638114
-18.980861581144836
-4.295254382534183
-10.689041585823702
-8.78726236209325
-8.834185049739956
-4.99972514220276
-43.39145163770335
-8.134813679490463
-11.850408969820723
-8.946746994695928
-6.339915639782322
-6.145188470069193
-10.229884530053855
-9.724522671628929
-7.337638954847665
-5.09611604876339
-66.48719896034638
-9.753427899977467
-6.050222409336007
-9.150316266527506
-5.195271219871136
-10.947174119567197
-139.77226577839318
-7.895911059415567
-7.873492936343485
-40.807901144375464
-9.211369542965823
-415.96041856108815
-4.450118096753497
-7.319191247198063
-473.88352696457457
-12.412988162677784
-19.492796552987983
-3.2577456206213955
-4.633421290894323
-5.028122049301174
-4.923241545515359
-19.499128686913423
-6.592786396507871
-7.745151648366844
-4.190415721609348
-5.664704221032549
-7.667378219876915
-16.500637519952964
-10.74809078050996
-10.443038003120474
-6.933370494528194
-87.55233954256086
-4.8007049088809755
-18.059503755107883
-8.887946649549772
-5.636849882774562
-4.6751308219361825
-5.699979351391625
-6.579657318386381
-11.540593713308601
-17.167848340921843
-34.59497467521897
-16.065842265405372
-4.275795668033397
-12.395994806696377
-7.888855236930194
-4.625482770467101
-234.69337551584024
-335.74727897392154
-5.1668894524702145
-11.126461618709959
-4.356636308930506
-5.827906212646314
-11.653561794955221
-324.18848942984783
-65.80239862957218
-10.805969908486432
-5.701135913237886
-355.15866039492903
-18.493002827255292
-6.519401349949371
-11.981934555643935
-31.752269936733104
-29.952173572758852
-13.402662125694512
-180.6301214548891
-88.99845404597897
-6.204457020983909
-8.873890607062874
-13.589420854761855
-19.650043037486693
-17.508460006530317
-9.690509386450357
-53.64896308464783
-22.264764450518477
-17.219659831733626
-6.754823212363995
-6.26738266849679
-51.228258078184595
-16.256418237176664
-5.350344847089568
-8.859627775432378
-4.561184487547771
-9.102389606406216
-4.387107574393384
-6.85687711922369
-8.592135576566367
-6.704923258233847
-11.9787344908389
-12.2608678675553
-6.548787641953819
-58.47801028967751
-10.068600818116886
-3.70707381689129
-3.715437864292185
-6.087726369399218
-16.047386331105216
-175.5095946405161
-16.811927571159913
-327.2666339663671
-20.095631107334786
-5.27778192880435
-4.43825945503589
-8.70591286545319
-13.651934523965261
-9.384076452999727
-42.073185483090974
-10.359133900572107
-5.627722255236286
-6.850856821097677
-11.9917350894839
-10.2659037979644
-4.844651434090949
-5.624050523130797
-3.7689693266488073
-5.859515986824247
-4.573055362394478
-6.445376464195419
-6.282555478175929
-5.2961546129147905
-315.2167157211553
-7.622136505399311
-9.69981412771479
-5.3029982113584575
-17.67958790494859
-4.134999952383441
-9.103196415070965
-4.952956630439351
-6.1954664321811075
-12.047965002435177
-3.2504547164010598
-11.412106689635873
-75.03770432188271
-4.429579076747261
-12.95243822034182
-9.23012277082522
-6.538479355300085
-5.292768751167318
-7.034568178998219
-7.475351219097825
-4.8041135227918
-39.91526013102881
-8.930825949558722
-11.89732519062016
-200.3262262718394
-14.954102039311275
-222.42376431265507
-5.331940943486398
-15.670554270476238
-4.49754070516323
-6.9002559116787925
-451.4529527944129
-4.180427525989881
-3.855774295845443
-11.041551666054602
-7.020489642635618
-6.15309515370648
-5.947604992253271
-7.964193940424935
-85.93378737235732
-5.842350167668145
-8.915930665689219
-4.771634385226233
-8.692752276326452
-6.065472424140011
-9.371214413264369
-45.13265545148757
-38.69404185086104
-98.35419493143276
-9.044848993236283
-30.459066880352232
-8.173301577241222
-16.498290935262865
-6.593512991842305
-14.936732375281327
-13.799535413033972
-12.670713209800725
-6.380139838028877
-233.54198031104852
-16.049695221052154
-5.863956935517187
-388.7603803438632
-5.476318494528633
-8.410295305542876
-6.425631404060438
-19.365167050285088
-6.196827465698019
-259.5565205425174
-7.472201547049419
-6.639770000542588
-6.657420204274572
-8.464247798835967
-4.955380338757097
-5.867370615189922
-11.374054241528029
-12.775787414471084
-10.11683263809692
-19.364688571695446
-7.054165849122731
-7.379889621199501
-12.96560173123828
-6.294929920121735
-6.358173938310244
-46.38056587636678
-9.868469094901997
-11.365736427789168
-4.712711881001991
-9.569820898695212
-6.456459757488704
-5.260279588829531
-5.268037303438236
-7.623362484276234
-13.105626797860058
-19.2096365894354
-4.201972011340911
-11.151060450053922
-16.465698098035638
-5.794556050105986
-9.256145400234107
-4.613267511210644
-8.496384829020233
-5.536320773043085
-9.839259473378199
-13.151094815683816
-4.806958160106586
-4.1130170490356885
-7.96111019312037
-14.155052699487978
-7.2007351671808015
-22.38071099492323
-24.869082139801936
-7.11806507785821
-9.22325322356494
-6.778269408061172
-14.814914043531653
-42.19925395403951
-11.72161700023421
-10.333549253952075
-108.91497195952736
-7.988062431951203
-25.544025767982653
-7.082900181257931
-8.867065634937141
-7.788716727300272
-13.519154038961606
-43.03489999810177
-6.467376099910442
-12.633773516197603
-218.4237391778114
-29.22891365242698
-10.484744173146693
-8.083710692080547
-101.98841593733046
-7.711023796823647
-8.30787627687849
-6.505784296061291
-5.766560895993261
-5.310481535302416
-6.674894544256596
-7.90383153251932
-6.003027109614134
-6.072151482946666
-5.33453881062661
-20.410289573214516
-9.019101899113398
-29.016745482580234
-4.498773137857552
-22.14389122524344
-4.686022626344579
-13.06940132850972
-7.763619624519209
-18.13496438955731
-23.292426368182106
-90.50512060713191
-4.02608749183074
-6.329627937089498
-8.740539008226508
-10.468554049366796
-4.733510037307748
-10.968066285762632
-11.349112090716355
-5.28269388319796
-9.706102275898203
-7.244563446143356
-16.679225768291392
-6.788088704981066
-199.39636145674342
-10.583982701619567
-9.624000764817536
-6.795822878468631
-16.29804405426552
-7.643121720463317
-14.811765132436737
-28.583038131038304
-7.993017517098993
-6.946413497124049
-34.3344497671397
-5.683774707352181
-7.50239106811541
-14.350341753277295
-6.076462699372161
-15.719966181922427
-10.365664951007897
-54.73511887468055
-6.117742850906675
-5.357543114120846
-424.8257945589866
-12.685075740954987
-6.012405405297049
-15.436114082008073
-446.99354013659934
-4.141710285549434
-9.304091963838363
-6.96206667721303
-8.04035805324548
-12.286179916537332
-7.797213872790346
-7.290383427520961
-8.25126960746001
-16.58249987456139
-27.406295420394155
-6.781652158143869
-8.059607474428294
-5.959767400083253
-7.92307959036454
-17.40728662970516
-5.72443311785125
-11.593724623955
-16.18980361595603
-16.56324913638386
-4.895935177424336
-73.46447412740207
-6.228543778308409
-8.020906797646827
-7.3892788373257146
-4.611626337757432
-14.980060250652791
-36.81797971719072
-5.074723938956849
-7.261913898869081
-67.30548753956973
-13.732296458637869
-179.31871696743173
-7.726944937723773
-6.436267368795082
-30.994047564502434
-8.705652183300328
-26.43863773805946
-8.544496657638492
-5.309264477702696
-7.13872672408928
-33.77641308952385
-4.825369822346467
-6.628948377198336
-6.572142351032883
-18.061180611030636
-13.837054958490295
-8.125396082650587
-41.15136241775851
-5.192852587374331
-11.336342103798877
-3.602987085027494
-119.09259852256153
-7.289735167712783
-50.840166949356586
-4.031609644204297
-59.53032892580333
-19.21475420767967
-12.291224842541405
-8.157984379875675
-12.385009267201013
-32.80156984521029
-25.464342509307045
-12.271971471745832
-101.58405828431522
-9.43581583234701
-63.61390655573584
-23.712872457859095
-21.12544516562448
-14.367964505303405
-37.72712371223205
-5.175197769196193
-31.57630751289382
-30.668637852941313
-11.100900044995008
-8.515391527191879
-25.96322825558649
-7.706176842329981
-35.06563402405866
-6.034285307765729
-11.938169841529783
-203.37304388373735
-5.054946854191378
-27.129235875903046
-9.775331327406219
-178.90185285975244
-86.0164445637852
-10.391963027709085
-11.928767267086785
-18.476437940727212
-6.450660711356569
-11.190006580010138
-6.955194834023059
-6.057063419208078
-7.49304926934051
-25.935276361307924
-20.47270455067827
-15.681657286503654
-11.343979550245074
-110.15822109425629
-6.017829978603572
-7.523219863183102
-9.40645940135194
-7.675473086065016
-25.51401753024082
-11.369525230951737
-18.529548489842725
-17.93821863788155
-160.92222882212863
-17.870592472966294
-9.076931983429132
-18.65434734244272
-148.2369326832047
-7.8728536765595845
-13.150016131014056
-76.54749934732921
-13.738560814276093
-28.3479724108778
-164.38783890490325
-5.119572271833526
-10.223089268923962
-198.30300547592574
-8.246077799934525
-3.9122488372713224
-164.35773260003774
-13.94408962457226
-8.146648281743422
-34.97229209750988
-8.376154286670484
-21.735684441830724
-9.10294787269577
-4.010760260257931
-90.27332991683197
-391.447616862892
-9.690987618756317
-7.244316444553311
-147.19198266167976
-6.701833188006499
-11.13999139067549
-9.837213259332863
-4.831434559188407
-20.02974638195235
-7.428444374214959
-8.272079422224017
-7.057162776021769
-3.583993510556309
-6.464464931961903
-54.66381403878699
-6.583299069219163
-449.5388873539467
-8.493014002558695
-83.88947017497597
-8.262533292570682
-6.5162619054457585
-6.334237579702915
-11.037645010283581
-15.412038177664488
-7.0120458467442095
-13.65064891232338
-67.51732317185176
-4.68038530568118
-8.805914010114451
-5.883604259294774
-5.470222921764926
-6.249597562527362
-8.333118523076829
-18.74364949819016
-6.700964133574258
-9.581020265532171
-6.168300011684631
-9.48684505694867
-10.466884133501766
-408.20293804456156
-26.17273333804975
-8.195071291215374
-9.749211423949523
-6.582381586024086
-7.553435826917342
-11.065942644833134
-17.28181831123702
-8.67662349338414
-7.481834480510874
-7.653448161890108
-46.34378407836647
-6.819587688369868
-9.014476108889104
-8.685202290393416
-7.784541302514034
-23.61382287660723
-19.7396639817744
-14.018700800158982
-72.1226172106965
-7.629942986772401
-7.118189398186731
-7.329349998349114
-24.33254852638303
-4.37323435839118
-4.670939868026795
-3.953120436886968
-10.057948794316802
-5.169359841008859
-6.640866227774303
-9.170520930441965
-12.644733452128568
-7.439980514841001
-6.984306659741212
-29.256024259103363
-9.88897992197564
-8.268650394759241
-6.473479491064751
-10.218374045481324
-8.803320522804297
-4.351687331726916
-6.3492705813129735
-12.46487029407228
-12.421409578303393
-8.631233414842916
-46.16428325490202
-307.3837172036957
-6.366017320975142
-5.3774910118383
-18.49536526492961
-7.369224508912446
-7.020817307779713
-14.07926807617335
-6.895317232488159
-5.758303844872534
-4.065895783626548
-6.236832158913023
-13.441695965045536
-4.47179864865874
-5.152992755094287
-4.562496213258354
-4.600452006106663
-13.30180610721661
-4.908178333339946
-6.028262906423477
-5.627191696661441
-17.421346846961185
-2.8131110386421385
-8.355538896327976
-13.115240268796144
-19.02583074263117
-9.348312526027044
-313.63672733855316
-5.05134272160064
-9.360734341790304
-5.613529551043975
-4.959113360760335
-5.507114260047121
-7.830870290487857
-12.698584686381285
-14.936603992267184
-9.681994923715585
-5.620466949808789
-4.856925578767289
-6.88527737539713
-16.301291095457362
-14.839014494299859
-8.752324245305571
-6.838973669159778
-6.793185716611387
-93.96248743195899
-3.728150461114327
-21.111607337071415
-5.065511200388616
-13.92661955606026
-4.144564623837217
-138.4355690373251
-15.691815800674938
-10.74930882185902
-5.318025106932879
-134.8225498516239
-51.799477403174905
-363.93824835887926
-8.038207950969522
-23.03624400370667
-274.0899680055111
-9.225080249903264
-5.9095618532804055
-10.476557460839825
-16.400042562274344
-7.634891034316918
-9.816530746386093
-5.864679823948328
-26.746143027183184
-7.893750649847016
-9.256533561059621
-5.502255371081851
-30.61523765860213
-16.068005266526175
-34.09586842054156
-10.564516636785347
-7.975682553389162
-29.18037384896276
-163.09828102328646
-7.0701679129747745
-18.83392045546535
-16.649222676416862
-10.633972769199522
-17.24288495892789
-17.5332905547737
-94.09129363593436
-52.309843948817736
-15.911649343617464
-5.35752741585536
-340.39442743270666
-20.861419825833632
-147.3190164215882
-7.488003025627623
-4.105218652994372
-17.273414311746066
-5.481532036734682
-53.10046388846874
-4.3950603782376545
-159.91923917132922
-16.51524679475676
-5.627568360182002
-316.5199605922603
-36.56317187600812
-8.59817705599763
-12.131513029589955
-5.046870097036209
-6.0506648844175155
-17.13223006826249
-8.093779117119897
-24.627551512453746
-4.56328404723001
-107.93225155077072
-7.353013942151537
-307.3500246173914
-8.755328620695416
-169.27182629523205
-6.334504389248195
-8.260334909985295
-8.382274773646364
-5.184284740244799
-8.315197536217863
-7.412491954007862
-310.1345622414167
-4.3431570653521385
-6.932696423862215
-17.389997379500763
-8.765859392042483
-5.750205355910362
-9.070273900481727
-38.62627688243445
-8.600798243909678
-4.513235286040132
-156.01892600450532
-93.0453556004845
-6.822807171294635
-77.1108704583627
-12.728512642670815
-28.686525822622645
-6.046573026774849
-7.077016791939468
-37.069769403628776
-30.23827841203972
-6.505230197425879
-7.85382031566146
-6.295334839365665
-74.36657558021636
-23.46669604783653
-4.616094175238031
-8.676282388409739
-13.74950491902707
-75.51672424901447
-369.5786018693093
-9.998337348678763
-29.45049155518394
-11.351119530135502
-14.29927815877894
-8.677273229466834
-7.211322715096697
-15.172763066241547
-10.853890094365939
-8.011830028251627
-4.223928334727292
-14.14354385057091
-5.324511466330599
-5.0356721970161225
-29.97710883551909
-5.213397035692683
-17.667385568253348
-12.224253828618751
-5.661847219261313
-15.8893480243525
-5.006311771662618
-41.141509053449795
-4.103560029518658
-21.00315697445127
-6.700583495157068
-11.80435349848816
-9.322898791143928
-5.435609854949034
-10.229298999537445
-45.26837219508205
-9.172415292840896
-13.600538374884366
-14.793699650361757
-19.67669413413801
-26.495808462286433
-7.222625762180963
-5.930525849715099
-5.961912270570816
-6.449417068586319
-6.527103740560145
-140.6987203091307
-5.113920879173189
-7.365181084353807
-17.235585812898652
-11.432533338193801
-89.5736079076554
-5.167159759626897
-6.373603895636819
-14.515027959626284
-7.11485082135957
-14.074918464720492
-8.522078276654925
-24.8078933045293
-6.248552678245217
-8.783975674323859
-7.518846107366707
-9.856511625848514
-11.429704268983992
-80.33064361547514
-8.53264326209782
-105.69862177860679
-10.506705329376562
-12.26043952402825
-8.27739329239138
-5.5298509766939965
-60.46507092286081
-5.3252099062647495
-5.987407223148284
-6.405424536850826
-41.46181584685211
-20.955841791665986
-13.506557193956192
-4.843380946683372
-9.853675666652652
-16.433030620508617
-7.077745599064728
-11.833237132180205
-19.672192116140575
-9.952719823285008
-8.290583826053279
-5.131771914008103
-5.27534379080043
-4.538832849646692
-4.152103513860631
-13.645003666801388
-402.1777743887846
-4.892526699049888
-6.678417724462706
-7.532340783470939
-16.19147320790787
-8.102933519190456
-7.24646406732266
-5.172426318022113
-4.527015374754168
-11.85348487741116
-8.336279461612204
-6.945316414087893
-11.086886884014955
-6.4796031662830895
-8.383116011518887
-26.37230217392381
-13.791846122012725
-67.69073425896744
-6.514997827348125
-5.759289912211258
-25.09459265619191
-3.958773807391997
-42.032463698958345
-14.156887494764058
-6.608880461083104
-6.421221541577371
-12.014803193792808
-80.99187130486474
-203.93110221283385
-17.959031383277964
-177.030443081874
-175.40867764175132
-153.1230327892114
-238.4222152058624
-113.01763236680225
-422.1467732407733
-440.3809849140932
-305.3724867556508
-8.777129819551684
-7.545473943200815
-131.57212265589277
-99.72707271644494
-160.2132762526318
-34.1470392743161
-9.749238732558728
-11.228027359721995
-5.124054614729438
-12.776226885900343
-17.512582128926198
-20.071595556605786
-4.939650837881518
-4.177431252145399
-136.1993161530356
-20.029435074012454
-8.288866381065874
-237.57554827033698
-9.617444329074372
-39.194861725218445
-8.30240550603838
-6.942885713156193
-5.63468667100413
-12.879875408626491
-4.930716498921617
-15.132657134703424
-8.90661194011052
-8.775102716117722
-15.696962236038415
-6.385908422687583
-29.409238745438707
-12.766417473071577
-4.275703639797706
-10.606505577166065
-7.12760437406626
-8.12504651735113
-10.171330776064748
-7.354616684044941
-8.78816377996735
-8.539654454013615
-6.930600295523174
-9.130672955123385
-27.128754440377904
-4.269011055560123
-38.61578359818561
-380.9670216218565
-13.26920721612307
-13.177719167510283
-178.2084929869066
-7.3765762496684655
-9.776400842823946
-5.634153498846639
-3.7140102248637885
-115.28354960518487
-10.277559852447737
-5.7061174543557325
-13.064093990807693
-8.187674578207506
-5.751990321685445
-6.146381663743801
-24.670628260926208
-9.127427668239823
-6.07141369087302
-17.144698506144014
-13.860459440135347
-3.834693514452937
-10.549098488585406
-5.89162642404615
-97.01998336454507
-9.702636551845007
-6.863629463565537
-8.611557817221932
-6.552863824358794
-13.768267868611844
-9.248121910628722
-5.225203502092949
-7.008700427942013
-7.749758714340561
-414.99542848328986
-96.3136725120166
-5.504795896231801
-23.769591664209518
-4.9848979351501805
-5.087949218218215
-7.075487400809357
-7.580434902187841
-6.099300709135133
-26.343054762129583
-7.16983572369064
-3.765569134381294
-16.95292716973598
-6.407677698482742
-4.938964424698831
-5.527888463302891
-14.103399372874641
-11.541600173548355
-14.422474433788322
-15.907190282459394
-25.554118144560235
-325.075894672846
-14.523615253848444
-105.36931235908233
-23.79575957684322
-5.898831324930493
-69.88036919403568
-75.35908997806759
-16.257039842549137
-10.397196111602598
-11.01385007720824
-8.567554882984794
-94.11401625638096
-247.09696972851611
-5.465971598969141
-8.872064256612573
-6.07358489799886
-11.777860555631417
-31.57033095709868
-14.295830514091799
-16.181705899114625
-6.044968739842463
-8.723821470677395
-4.964791615685094
-6.210129425978655
-6.35607289958682
-28.57820274705582
-13.758998601808118
-5.800473780237169
-4.732836328071409
-9.227649827052346
-16.054861923990877
-5.7244956675908485
-7.945643058377372
-9.294007948497997
-8.028023199671223
-13.015652078284491
-7.122120105841189
-7.424644986179622
-4.7421218591355405
-5.4269233536564325
-6.644212614912265
-59.8629604265169
-8.675954007002833
-6.108919935021135
-12.057262252330364
-9.597915024496032
-4.851937906669188
-9.085667520276393
-8.725357221641852
-9.021685638462179
-4.791977623670899
-15.382273188414432
-350.6787225149808
-78.32806405531286
-74.69259767974283
-11.365453318369843
-8.651843951936144
-4.94061954980911
-10.174245620814732
-19.134547178719014
-13.446485558022193
-8.871297557988866
-10.391509650942833
-11.780649007549885
-5.915547010228718
-4.91635694108851
-5.932835929142167
-13.765197687125939
-4.694116553166223
-17.01065646130769
-6.449867056659654
-5.798481293254037
-20.246599176251927
-128.11788626491722
-5.828037350133009
-9.045574373967698
-4.171217272393151
-7.790883277567918
-6.063276021233812
-5.018941165671344
-4.112653623858298
-4.321024460617244
-4.305961100739304
-11.044827269727332
-4.2749749857664385
-29.10312462962409
-7.783098629272558
-20.820629299260403
-4.525487805835588
-16.63951180586155
-16.499840061715084
-9.900642971508868
-14.058270079647688
-8.763459324486169
-8.851045393169866
-7.48659827350159
-14.069126114079168
-5.506783693808729
-150.86039463493958
-5.732324112407093
-5.469990106646905
-5.673695510246214
-6.4530126111425
-11.094648292041658
-8.988639151774866
-437.59822119332415
-15.843838196556423
-8.297524936952632
-4.719948393986073
-277.47536613787196
-6.918017602418415
-10.86419006231073
-3.0620136385342267
-5.91190825948932
-394.9685348394852
-6.697323065953748
-5.17784638640476
-8.542962052685052
-3.76857887482148
-3.7966875240900175
-16.540213310510303
-4.632273948967292
-8.985352236650742
-7.535444189267768
-5.798067632688001
-4.8820960113927825
-16.299909450874633
-6.665442451941236
-16.628458303108285
-8.928473141710782
-8.686894082261695
-8.972294035639555
-4.799967154724847
-4.393670474265988
-8.128823362197616
-4.6215411575463525
-3.812718143548995
-9.505434910060186
-7.082965883632311
-17.639262883602548
-5.901351841898282
-4.7788968666652245
-5.094931093591775
-240.1268711166182
-8.52912093235504
-12.341625910585885
-9.740744799453056
-5.27225496860451
-24.00928921428096
-6.758141790544379
-14.842128778512375
-18.567560201241715
-6.441053767715176
-7.419768440048643
-78.79819560968173
-15.61234531348521
-15.657455774628026
-147.6741868490248
-13.661574771148555
-536.3537696929211
-62.47597302000688
-5.93265873585625
-5.150765568789368
-10.319784588072297
-24.54804473295669
-13.35076793932211
-9.625245497881156
-4.540712570067745
-7.803341669153554
-8.154807461267417
-291.3503034712741
-5.418244344819677
-24.30103741813014
-14.771602102351073
-12.913304892898323
-23.90499816786145
-8.750828191454119
-13.145494759962219
-80.3197493582648
-7.56033231085728
-10.229330211588314
-22.472567062845197
-82.95050884140649
-21.58457163009651
-12.893973468442669
-7.440291565269099
-16.25589325681576
-22.857560512173848
-6.260527344431182
-19.3094984626983
-37.25673242437378
-9.237102778461953
-34.74809926937039
-3.4838696058955225
-74.74728079714723
-7.848417706290788
-14.128912368300536
-5.968972689327108
-4.593870027261865
-8.662377113373362
-6.8403329991261765
-6.687112484308259
-21.61453004973571
-24.892703251772716
-12.831232275264508
-10.050052833112627
-18.46170761627685
-12.469028709764789
-6.248939603974461
-5.054388849177635
-44.604363383006024
-7.383974447162538
-8.008204339491677
-19.600438704236577
-6.607860851935494
-9.785164123627702
-12.31034320362851
-9.821877387811691
-10.046770551564855
-13.995630057209022
-10.1152238524043
-78.2536856132839
-14.234874369744949
-7.456307350959894
-6.639643390577815
-6.70464552552889
-18.418074923729463
-17.954943609724292
-94.34531685547728
-7.472988851314928
-5.124632624935753
-7.663527782235321
-350.6052631261804
-6.058727265607222
-11.550475293525434
-3.9631810971634485
-5.034665601105089
-5.945372072087286
-3.8548827111935027
-8.983705857937203
-5.699240883159055
-5.418496584721762
-9.582431342846286
-14.581312775239597
-5.642986792330586
-4.664172597141204
-7.648503884730749
-11.157133687061831
-3.2564798510726325
-42.03405243902832
-4.93719103938637
-7.010003902308617
-3.249245821658891
-4.468402009754634
-4.813029371813484
-100.9158697949678
-6.481189239121231
-3.6388713471197374
-145.02000285643115
-7.1127621407498145
-8.617986165828361
-82.5188652774154
-101.71626781773594
-43.895562028592764
-34.25192854263107
-5.367685115307557
-6.416942660471515
-17.699796182124413
-151.3325075178965
-5.8254436237512826
-5.520946423343504
-5.117167801007281
-7.708406963141343
-3.107595631100263
-4.475509531224416
-14.576758071672055
-8.331729811673918
-8.726045380613076
-3.782744512570172
-7.400147467061439
-4.70266114992236
-8.021739374021218
-12.987563409360051
-4.896812369275855
-22.097425162563855
-5.154525921134025
-20.401282133628907
-7.231769297306075
-8.918391881484144
-3.457669521971506
-270.9564615082186
-6.266927507286393
-11.334567873475184
-4.495852831410573
-389.8508302663161
-49.713212951712244
-8.321631782801623
-23.331358818298078
-15.71409232126653
-2.706981306865468
-8.943310905327374
-192.20952318318595
-44.43697396475336
-4.6743836551907325
-6.662104559249041
-6.943490078888404
-39.167518597856755
-10.3996193065261
-190.67030312531278
-5.551971567665797
-7.060377656543725
-9.049172697235667
-19.982535970662017
-18.300984582214504
-6.68453855428282
-11.553191430396915
-4.309804435708489
-5.879885852718598
-7.769602691119221
-3.8129197183287005
-16.785434618885034
-4.709689695506098
-6.0925235585899635
-4.437477533451366
-4.975363978847105
-2.8557099384836224
-5.961181259251306
-3.334943091624694
-7.03146900861948
-52.63877271949484
-17.454834443217138
-5.4477612675600176
-3.8331322988725325
-52.125555018928026
-4.753800824056107
-44.37369373374228
-8.911439372160842
-5.530800431966413
-6.2283793117216275
-24.460675302132902
-3.092445150133404
-5.234047903589777
-6.116724782262459
-4.037562420051607
-6.251097824215572
-5.422097984830121
-316.93390517344477
-4.24695406768055
-7.099043123722065
-4.600354047373559
-6.295909242852019
-7.658658553564398
-5.498266157057408
-27.58957006406935
-11.770053868698518
-215.58050854066127
-7.019515404849459
-20.178387031212115
-4.817822893708214
-9.522258694800268
-7.690256190114473
-3.4711869103444086
-16.51724050698306
-8.886720273352498
-6.663118872742988
-5.1213637152088225
-15.096364522527375
-13.200223848928644
-11.19503991478371
-5.366787620192769
-6.666913530143298
-14.161181831937967
-33.45824638410661
-9.324429087337728
-83.38237314177509
-4.698924225749376
-6.323093904864904
-5.838947172496001
-7.28059362217159
-11.252326364258801
-6.285546057455165
-5.749425978274836
-27.237523912405877
-12.151889923239912
-7.752275098213442
-13.824864245618446
-16.220116875765576
-215.0991386001653
-11.293839422504945
-13.972801991601742
-12.17766958187918
-4.300310161797953
-35.058006537809476
-7.024284923846254
-8.353756489044722
-6.8449972295914545
-19.899640992320528
-6.11247847532144
-7.760867068370903
-67.05614385382862
-11.349901468118329
-9.150340524281578
-18.75311314645278
-5.002008194042961
-10.458298816721094
-11.16992607808597
-16.002944518431452
-6.696433382393287
-10.83300394830549
-19.509632315070697
-11.191385432806713
-18.56971789712405
-6.36756723197001
-6.774475258406843
-34.90190949134757
-7.216545600121378
-6.593740753887413
-6.6289739219671695
-11.482705874602228
-6.26745160939746
-3.7120004404422358
-4.330507063940459
-230.09321494536948
-9.423288866318911
-8.136957229663658
-11.749491999400849
-9.613337541232797
-4.785187927566512
-7.970970495811522
-238.0317876226427
-7.994192523933506
-5.6516548278631715
-8.379165155649533
-93.6389289837896
-6.4013168804542016
-7.028991029942338
-6.406915929540657
-12.318862904397314
-9.252572850537419
-6.745009622331735
-8.822877427600323
-13.234308032991974
-9.461716040001452
-22.606577102458854
-7.856340379882994
-10.833236815328247
-95.31390011327551
-6.544581431985142
-27.86496566533796
-7.976756459424081
-7.684564381442366
-7.109457568359983
-8.628698935735411
-6.5204100977338015
-4.851897293299498
-7.214844170648013
-4.609829807883221
-5.8778869317718705
-6.975778772476917
-6.981748215380966
-15.19283601219837
-12.680907790035752
-6.228233971114303
-7.350074167537471
-289.2529682085988
-6.8945720062010025
-8.149012326921147
-14.979626517344366
-3.9658637048558774
-7.57215845370451
-12.207531754050184
-6.491580069269408
-6.932663954561494
-13.36085841997661
-8.67141921596989
-292.49341546959994
-5.669896999545264
-4.477558413512547
-6.757055499465673
-5.064012266882387
-13.759770209498546
-5.159862240927643
-61.32713925924846
-6.328940169388325
-7.213868062014941
-6.320848753853769
-8.465132700467306
-21.80259277652032
-4.663443070535096
-4.754232181214766
-23.983742973099005
-36.59906088342866
-14.39025266171807
-8.382708032159588
-14.290397977350313
-10.560671433549453
-13.515615132849447
-6.322853899868966
-13.896554061803982
-387.8681011146062
-27.387733215013927
-6.629173435450649
-5.4783827489135115
-30.602939266919922
-8.319892277864863
-22.562530527840867
-12.338739799823694
-12.134941805831943
-6.012606108220057
-81.58406404629041
-34.84386188174487
-5.487056143290229
-24.132655031092913
-11.809306769437361
-5.739720662018258
-12.644656925962677
-83.37358928224853
-28.011292292356597
-13.449869236479683
-18.174069555575517
-7.672773020271878
-348.79923675715065
-6.969526580884419
-4.5796893203612195
-9.563555427572437
-16.04730761111071
-37.81972897117024
-5.710483419679556
-8.812035335726756
-9.648353106161185
-6.4958099025415565
-5.346960849136794
-5.1257017253605826
-9.700388489461451
-25.310697106718933
-9.380866565867793
-9.334446194592699
-6.591340438570769
-8.555576853394951
-21.63317435515065
-10.930677935154558
-16.0220645418099
-6.341609605387216
-5.959047902105794
-9.656693867125382
-11.400547055679382
-13.19442896245346
-28.24282802072535
-15.695221906056513
-4.355902874580908
-11.034283530660012
-422.4145367776358
-6.079452043570133
-387.11665213479506
-341.7596478843813
-137.85323451531585
-164.17476603047663
-214.21104056374867
-87.50556315997288
-15.394464034345337
-37.52673580284729
-16.95158301401817
-12.638477413211692
-120.34582615826672
-12.279836508780551
-17.346819903763656
-11.07355940355335
-47.82747726654417
-54.487405963498645
-12.11209297718077
-67.51331052455
-13.094284448822103
-468.43360035970284
-196.05627576827249
-8.709361600062161
-5.504121859071945
-41.52376907396581
-9.37078401360558
-5.989166998676623
-48.98544993854757
-23.148298697614038
-16.332988542530877
-7.930485182475565
-28.155186844220243
-64.57874129719612
-41.32275225328334
-32.56362119273589
-19.986421736726204
-14.614103688848749
-9.913661753765581
-6.24649165127794
-6.898973458798272
-29.120465461004386
-11.603758997510795
-8.066948287384248
-30.416720637250286
-7.8234760589914165
-11.256368026348639
-19.953729939891392
-5.58368955986735
-117.85090958303148
-5.996048731333859
-28.548888954444983
-12.401633680089903
-5.864866293034746
-40.45297270181927
-10.51161375773846
-6.7689862042204965
-7.806167354240919
-70.43437001539137
-8.232982939639644
-9.477497971297414
-8.39528011140041
-4.6956893834707945
-5.423117564060854
-69.55560065295772
-22.946833669415547
-5.337185436530085
-13.558036631039922
-20.385667935933384
-9.058692266887245
-6.0939780865288835
-6.156546904627316
-8.382018946728778
-14.769718824998758
-7.6989983785137746
-4.0503874133660345
-229.6674923220167
-10.387413446475465
-16.07683833459915
-10.159626576374439
-6.328175116855322
-4.797733592144462
-5.578628430524652
-4.505593074260414
-9.751084953237918
-10.005553926349297
-13.961597286034536
-7.728031726761766
-5.066769559779978
-5.276537830804304
-7.18140487561736
-12.22816730174744
-6.892111668800841
-8.405722497477553
-3.6272744209330696
-8.962625087902762
-45.39082977516787
-220.26463384391243
-86.49454312677898
-4.0305608743186525
-13.367091547193457
-9.709609038208967
-17.676038966332285
-5.032113975270857
-10.507893949778847
-8.626516309022547
-173.21300409767585
-28.49802853714516
-4.919563488596552
-8.175970209058525
-294.8022725482427
-5.271494191013928
-6.898836747894344
-5.28332941285969
-36.51744969475518
-68.46241282858215
-5.777620265610743
-32.60807364201217
-21.098353879428664
-27.408158776376293
-9.651415769494117
-9.967637887920672
-6.515461551331297
-5.629630029352851
-4.576848587480768
-3.4672137154180236
-143.59840671848968
-9.58819060874347
-5.958934679460914
-12.953297091391361
-5.848458063792401
-5.8398458270795945
-11.333436289249875
-241.62793584845244
-6.452505357462743
-7.83123065594876
-12.605785496312125
-10.446265122669187
-32.113676327223466
-15.245918765701882
-288.3213960294049
-256.772755383428
-16.29753261367218
-338.15130432463496
-5.991932872930933
-11.004458277107016
-192.7619698067612
-6.9767312463170725
-13.673502469365083
-8.647154896096492
-19.944588376361484
-4.999296273526651
-5.381393506734411
-6.373189124343362
-9.427491513417198
-21.030107996254166
-62.92450090063862
-6.840233037420659
-7.882514024176388
-9.840824583916397
-15.872068605843399
-7.42394385252566
-10.295556686739667
-8.152904301945568
-13.965578651732711
-4.967471226462728
-192.06032552183706
-116.75008574037933
-13.482239841803075
-4.799578910379216
-12.428216142215762
-4.592410156215676
-15.931788237173086
-16.468778608351737
-7.583595310674603
-5.5138398954334775
-10.621617793739286
-5.985591425759006
-15.773107822381082
-23.372373320129043
-226.477350120801
-11.400792734055647
-27.63965087438078
-5.6850520794113075
-8.208472824810748
-6.928128187108156
-10.513074742653108
-11.789713741654168
-7.9183064310655515
-11.428894670206628
-9.994717014144628
-7.8777728016395985
-329.78169072608785
-7.333525762673451
-10.986980597478782
-53.000200359017406
-5.30012497089913
-9.168829728890229
-4.394774213163904
-34.649446246787875
-14.85722003957787
-10.653841130420002
-6.325654206812853
-5.714108981965682
-6.128883434753467
-10.862899937751964
-6.759289580879347
-6.3418140790960384
-6.931066740445736
-71.66262216246128
-14.697454103065997
-4.2975153803950015
-21.150167914856894
-18.388872181357286
-3.697522597059864
-11.36796832452692
-8.045701385071212
-7.203631478115462
-5.125494716912973
-4.561442257187499
-6.632380652853326
-11.903217345091543
-23.654524893880605
-128.0443522751191
-4.817827223947327
-6.235187804473207
-6.079030098090923
-4.878385414266025
-179.32500108445413
-38.14765240267977
-17.193493963089704
-5.53461318861819
-4.708742813583648
-5.709241908940099
-4.31648322406217
-84.82303692183379
-6.166006977891397
-4.213790681460063
-6.434401946982095
-55.20243292315738
-5.9751677488399135
-12.366133103576702
-5.151741902364874
-18.973744232401955
-4.314009477975002
-6.548449914239833
-46.069508700535906
-9.022857046398874
-9.510094799620756
-4.3609836885807285
-59.93897643930744
-5.080105050250691
-7.907933033046918
-28.70945930183661
-16.913465508532564
-6.280542810386853
-5.109875340618772
-20.04981739778243
-4.094384699308922
-6.771829502881027
-6.316616373066135
-24.1170788436822
-5.588363829448859
-6.523005187466107
-7.669607749602221
-7.7334469319367525
-62.62044275124529
-408.7338753096625
-4.422898283848784
-6.30777910070452
-133.12700070821768
-20.066352099335813
-5.044884922721216
-5.730259410682756
-22.551387038778334
-5.810089341573392
-10.821875728995927
-6.305226479994128
-7.702632393089123
-16.348099592137807
-5.252364631958855
-4.830621871762134
-6.356516362059258
-5.850221471772441
-20.393821636004265
-10.907038917829084
-8.383206404285147
-6.411801196623662
-10.224284014889507
-6.8246547406018125
-21.93521389516722
-6.063843628190469
-15.982518449563285
-3.73189667754732
-157.11307200667562
-27.36479633582131
-17.854715986688575
-54.24866808765331
-180.19609174897246
-59.92511885005926
-179.99625357133988
-16.237520143737953
-14.507352902765373
-20.924904443500623
-404.9482893788314
-8.316058760393064
-3.434442428722773
-162.33777027528396
-4.433720153475958
-6.9620022348047295
-9.097476365135314
-20.577320415302392
-36.81479197748318
-5.374631636418915
-36.75892097903355
-4.892168991474488
-8.996148794613918
-5.742493695036265
-17.671200370235006
-8.096546524783914
-11.510244426425357
-193.15038376789448
-9.522868774663962
-52.84166688033211
-8.471878939982677
-6.7646264580664415
-7.8316168552652865
-22.97885258804219
-7.000253309959965
-14.024299928798612
-11.38927303390518
-5.784010847222077
-7.632214808281395
-4.9373961135729125
-4.573953648648397
-10.006891556758532
-7.934117872651569
-5.662605037365529
-6.437660859082622
-237.5717432845917
-11.822911174951006
-246.39546150240818
-4.319862796500988
-13.60412848348982
-7.37990353113201
-13.61894362587697
-11.384849333360028
-5.6794582592282845
-18.966991053818024
-8.843597302975153
-4.407351407293149
-7.19539690702077
-8.468213455874428
-10.198397868910472
-145.11666449407915
-6.518457732221185
-6.38615791484826
-5.528421360914034
-8.507788663555516
-19.517288917607893
-7.2458817360628585
-11.169111551958329
-5.03967776902725
-203.48587839732218
-6.79325488478972
-50.228069291594444
-12.748836165277572
-9.95691588057317
-6.904651296344401
-8.793999293916762
-466.552116829385
-7.310558345256236
-6.654641949579559
-8.169783791204898
-89.17628793309548
-24.022356704694626
-256.2154874442878
-12.242189534158086
-5.885153540193038
-48.59322409530538
-32.81646477381003
-6.418389455665698
-38.44943990328507
-11.596974217858662
-10.859933386781336
-7.088346167071712
-10.868619694089672
-18.608526362114606
-6.770383913827532
-10.452810002210919
-17.902191272595037
-5.986729563552888
-5.900368489183108
-8.119820475286652
-8.8300009149488
-8.150529067447955
-5.4807266892381685
-7.884710962366945
-15.007833375693851
-7.61441979229926
-22.8052410013987
-7.558296167065435
-6.744151403016689
-10.372446672976466
-6.014644146727376
-6.031420482124048
-13.514597987518954
-12.112968273171425
-147.47182724064103
-3.96612449811588
-6.619309287493196
-6.58527641716396
-7.2631200137398215
-9.36332341979519
-3.5467502948991516
-6.831750067139384
-5.391453437627267
-6.632746210590823
-12.098978111251698
-11.751743242908768
-346.0935076969178
-38.65714503295405
-6.5897959379279545
-55.75241035180547
-8.786336454860077
-4.09847809557254
-6.893894631343554
-21.484626732476865
-11.4937194963479
-6.948932149286051
-4.137021978986366
-23.295627842389187
-3.037852531185285
-10.456684552624377
-121.31317019965728
-7.989397500962746
-14.088057763750355
-262.5594950229272
-4.067498462661188
-8.252077911575583
-14.035301762950576
-36.254912954474214
-12.229415046764881
-235.9698576169658
-42.181211569229404
-320.45643697535365
-14.027037341048262
-6.239309759951599
-21.12176796591706
-25.089303713507846
-287.0874125233671
-118.11961337537575
-29.627937551274062
-4.757941267120177
-8.126857650882258
-11.574494130146041
-4.440701614774922
-15.618251137926311
-10.10544759971769
-4.803920929963586
-9.158349794703913
-4.5914521381423645
-53.54207598453931
-4.389645871263814
-17.650236526561773
-8.508022779523344
-4.450799573547839
-10.841864067559992
-33.45730138887407
-26.794621791405312
-19.518822753156506
-15.173796577543747
-7.446520564940191
-3.693210752196371
-17.019743944471447
-16.13892616512599
-352.1385537445233
-9.595478363418376
-6.951368218237325
-11.764754712452815
-19.372020644041957
-10.24062570591193
-5.199732763946595
-7.188960778481262
-5.425582960790869
-120.90323943787646
-5.014236054232409
-18.375968782876917
-43.599713985863524
-9.667444193007917
-7.653861442888265
-14.549644993402211
-11.465981222315467
-5.380556282168926
-7.005627051677035
-8.408314341962683
-31.015685828233334
-15.648632761760695
-14.22485657920923
-24.223699305839315
-12.257913072276443
-22.30670466588011
-229.89755294851926
-19.101547551405652
-66.14764036010244
-7.919423672847773
-4.482639918523297
-13.021057199138442
-9.712937811425682
-9.35929099830281
-7.301238050958533
-13.50255321754397
-7.175340581345086
-18.67514248964073
-26.33706283004168
-5.41130191943859
-15.883857290840993
-12.643557514914951
-7.548357261332301
-7.6748743367404035
-5.140853713019331
-21.419652267324164
-469.1090601277284
-7.292373277679416
-6.5168128797130915
-9.594022215830782
-23.304703211554628
-388.3920973039655
-266.05471066394335
-76.06495276506777
-11.00558743998501
-6.7543337908305014
-16.6832123338343
-185.88819714481852
-10.266639377124493
-12.55259995410737
-11.69267798884017
-23.0270047390129
-4.002447641234161
-426.31851759416446
-14.527274879612563
-4.212677346874865
-243.31968612574914
-4.6591925822460585
-43.721044694623345
-439.1898298502038
-5.50434369317587
-4.60065295090285
-3.933799071274995
-156.7259469582765
-7.478308206819924
-32.66858325601507
-6.619787876958126
-4.904340907903746
-4.741629326977597
-9.36846499805174
-5.1868816386027925
-155.98986501989597
-5.734053929918718
-3.770165782734702
-4.315170923502141
-6.010048632590595
-4.458035602892978
-14.390421662900847
-65.09402979252428
-178.99302573301088
-12.227485997567358
-4.733589539537149
-165.1521806486874
-94.92742749396187
-12.881804500536486
-260.166440328527
-114.00841698867785
-6.189810976855447
-100.97907118809898
-27.40566626575479
-7.534907983633609
-292.5954780846517
-27.53791223962379
-9.647462076136048
-8.783766657637205
-10.20924664949288
-107.01375678658671
-5.594733026309275
-98.00764520147271
-6.421795131943945
-8.359406071688536
-15.211202081285348
-21.767139247054732
-11.687945356558526
-8.090304076812865
-5.562845117494413
-3.6716512735326536
-21.693837234539867
-7.093204251701582
-5.657646818308106
-4.048398309282374
-22.274309561420974
-4.1656530267057095
-7.553506938256483
-7.1426384954749595
-6.681229407046027
-4.996563870752532
-5.668662743754165
-19.092147021543905
-2.8284870498102728
-7.635748042508837
-10.439095744362678
-4.677596743938261
-91.25458935147951
-4.0944194058071925
-4.584742499782305
-3.022315464732631
-4.339249527416088
-167.97887592581662
-25.35132881964996
-342.1065395878816
-9.465160300827648
-193.1563169415843
-215.43680184615502
-52.61591928732385
-4.666806471616671
-69.08979248637984
-5.143668256281489
-7.444012602360016
-80.2203644789789
-6.6580692092019245
-5.755627759374747
-160.98243716633937
-81.9038302309269
-6.29468612675705
-162.3602288393509
-11.406717117360179
-16.0648537747236
-8.013921904670612
-39.586883612313045
-110.68840948739616
-12.107235313130362
-17.042956496452078
-12.505869330393782
-7.713103817472217
-128.53525569557524
-5.643980103228991
-12.803269805673892
-16.43658471442844
-11.035608318408299
-12.627825945837087
-8.25835599906268
-9.083102738793622
-8.608828653235253
-5.712248851685759
-12.299064238487913
-5.260636139897087
-17.239592533930573
-10.8958143416957
-4.244448359286975
-6.795639487549836
-8.61695068774121
-8.118194349902229
-8.146260505721553
-181.9697236994666
-8.173487368532484
-8.476518376022767
-31.849619934046277
-8.784458859196041
-2.977056797056835
-17.185052547757433
-5.687960245827053
-5.345439417527755
-4.428156041333001
-9.74967119392374
-11.81930652261452
-4.960460746929084
-4.705800454308505
-7.617513117620047
-4.555669881925584
-76.6285267755056
-7.132988551474669
-5.396729339297669
-5.138261030297196
-269.1196656179268
-7.8509077020032505
-31.22708869777052
-8.98823300784735
-37.66787429926064
-3.7671156453968897
-11.043834976396695
-10.109523200766274
-5.106324439498101
-9.444949233796905
-6.217804748909196
-363.335432304102
-6.598517287049711
-11.52787987272571
-6.174274297088985
-14.160819397650185
-4.72134168855103
-130.54641632782736
-6.187498517399982
-8.51316648252916
-12.307091866544127
-9.533770905307371
-3.47245007221974
-3.036215165109264
-8.427437749899646
-5.5020667556529315
-12.629114159778512
-171.60299167365542
-13.594185692529285
-6.826398506469041
-12.711903908699073
-3.127825084131921
-6.074447258989803
-6.693437490866693
-7.043475427950192
-5.233498880391837
-32.590614462422025
-7.169234167848563
-7.1836602219877195
-176.48281524410737
-14.532824642819605
-5.218954160252515
-11.638061931909892
-3.493301133148435
-4.739762411513219
-12.300370200864382
-116.7184133682857
-7.110684162686273
-11.942819028486971
-7.188639839410257
-8.4259610312897
-7.626327869287778
-424.26311513327187
-5.6999900082493395
-5.138899200069387
-8.475171393107734
-49.805348066739406
-52.550244662241646
-67.90539242802465
-2.9802083805335795
-12.85528617732893
-4.948845257912348
-5.652107593204103
-4.944451932142443
-421.10398027594897
-5.793795157829023
-4.288034224530119
-410.30336867780517
-177.78611271710733
-7.908770897734177
-6.956486911289635
-4.158673807668773
-15.349585644332958
-8.580902967455707
-19.15421880392578
-7.409957928963488
-8.483320278036933
-10.365320395989167
-6.969355252348479
-11.131057125853644
-4.78271494736331
-240.4178196978348
-64.96672580536239
-5.511935681574183
-7.249150176270604
-238.88772906747275
-9.864032951313678
-128.20081169989737
-12.494588499740134
-3.5870497220537922
-6.176489137498953
-175.35870961772952
-11.3359902990381
-335.9849529226361
-6.4088748337184915
-41.12100368648589
-39.8162840122601
-23.257786644991185
-16.167189397656223
-15.702590194859662
-10.581589394950466
-15.46233450562874
-24.653604549918214
-7.348101771018593
-61.719232759434156
-6.843232128054048
-7.158712536823028
-8.274054592820233
-166.52241996583317
